2015/01/05 5578.866 5715.046 5560.533 5665.094 70413584.00 31415490560.00
2015/01/06 5642.771 5700.057 5594.136 5643.943 55394968.00 23946063872.00
2015/01/07 5630.326 5678.487 5599.017 5643.380 49056660.00 22927169536.00
2015/01/08 5650.311 5664.231 5538.988 5545.261 40787364.00 20845520896.00
2015/01/09 5535.740 5717.481 5524.626 5536.130 57188828.00 25695279104.00
2015/01/12 5537.597 5553.443 5441.784 5502.582 48661264.00 23769866240.00
2015/01/13 5498.268 5536.889 5474.312 5494.742 32615162.00 16450642944.00
2015/01/14 5500.449 5542.002 5453.079 5492.756 35136188.00 17581172736.00
2015/01/15 5493.244 5626.981 5469.375 5623.771 46915308.00 19681478656.00
2015/01/16 5636.696 5696.462 5626.261 5664.606 47494592.00 20291268608.00
2015/01/19 5453.623 5478.996 5243.459 5252.600 50751400.00 21249396736.00
2015/01/20 5269.891 5403.870 5269.891 5366.248 57043512.00 23787456512.00
2015/01/21 5389.577 5577.610 5383.471 5562.626 54924316.00 30324195328.00
2015/01/22 5567.856 5593.765 5521.223 5574.161 47207804.00 24728322048.00
2015/01/23 5593.217 5655.481 5566.349 5597.563 50289660.00 25223170048.00
2015/01/26 5608.262 5630.469 5567.926 5627.259 36480472.00 20885506048.00
2015/01/27 5633.540 5639.135 5508.543 5582.458 45070292.00 27348043776.00
2015/01/28 5548.404 5593.125 5510.799 5521.342 38858952.00 25137389568.00
2015/01/29 5476.254 5494.264 5436.497 5467.448 29791664.00 21142024192.00
2015/01/30 5481.012 5508.825 5408.009 5419.879 38116088.00 26374148096.00
2015/02/02 5348.345 5385.259 5317.670 5326.131 30213152.00 21144870912.00
2015/02/03 5356.714 5432.980 5338.614 5423.204 32121120.00 18443472896.00
2015/02/04 5435.040 5473.628 5375.423 5378.513 34689180.00 21221070848.00
2015/02/05 5487.315 5492.729 5341.921 5347.879 44611200.00 27964872704.00
2015/02/06 5342.153 5355.420 5259.951 5286.971 38562984.00 21957181440.00
2015/02/09 5278.836 5367.285 5276.974 5328.594 40803960.00 20951678976.00
2015/02/10 5328.438 5396.091 5324.781 5393.650 37438148.00 20300871680.00
2015/02/11 5398.789 5434.370 5398.789 5422.209 27649156.00 13162470400.00
2015/02/12 5422.549 5447.392 5393.624 5438.168 22447012.00 12381427712.00
2015/02/13 5445.258 5519.595 5445.258 5472.279 33280920.00 21501976576.00
2015/02/16 5474.935 5514.804 5472.180 5508.693 23216892.00 14280847360.00
2015/02/17 5518.193 5554.581 5518.193 5540.897 24897842.00 18192429056.00
2015/02/25 5543.192 5543.192 5469.411 5483.260 28617974.00 17921742848.00
2015/02/26 5480.977 5599.074 5462.045 5597.713 38198644.00 21959223296.00
2015/02/27 5597.817 5619.496 5578.270 5596.208 30619580.00 23792478208.00
2015/03/02 5621.092 5635.710 5587.276 5622.344 34414024.00 21630658560.00
2015/03/03 5602.853 5602.853 5509.266 5514.419 35000856.00 19112120320.00
2015/03/04 5518.666 5549.530 5498.793 5537.375 33874944.00 18888773632.00
2015/03/05 5522.576 5522.576 5464.899 5497.676 38333024.00 21193330688.00
2015/03/06 5498.214 5521.628 5476.821 5484.361 36140240.00 21868847104.00
2015/03/09 5448.891 5572.089 5415.009 5561.218 47258772.00 27288772608.00
2015/03/10 5550.216 5566.117 5520.974 5532.939 35072228.00 22272481280.00
2015/03/11 5534.113 5590.801 5522.769 5540.185 38570248.00 23593080832.00
2015/03/12 5562.904 5640.175 5553.327 5620.303 46746420.00 22472667136.00
2015/03/13 5631.446 5679.181 5623.980 5648.372 38928964.00 23359670272.00
2015/03/16 5668.132 5761.815 5657.219 5761.222 42497120.00 34122127360.00
2015/03/17 5789.979 5823.944 5775.836 5817.439 41953796.00 34398830592.00
2015/03/18 5827.692 5930.852 5827.319 5927.220 45551880.00 37119561728.00
2015/03/19 5913.416 5926.485 5882.015 5905.449 49058864.00 45924720640.00
2015/03/20 5913.929 6007.062 5905.190 5976.904 48765652.00 45763514368.00
2015/03/23 6013.192 6073.770 6013.192 6070.351 47182604.00 53206171648.00
2015/03/24 6071.843 6082.880 5963.418 6050.685 65232872.00 61044416512.00
2015/03/25 6038.950 6062.568 5987.277 6021.159 51164756.00 55052443648.00
2015/03/26 6005.052 6083.000 5963.699 6033.120 58350800.00 53289644032.00
2015/03/27 6036.236 6086.374 6018.311 6065.024 40275572.00 51844055040.00
2015/03/30 6094.507 6228.843 6094.507 6213.348 50422936.00 40020856832.00
2015/03/31 6263.085 6304.531 6151.041 6163.981 60286188.00 52566380544.00
2015/04/01 6164.131 6272.174 6164.131 6251.594 43116276.00 25276934144.00
2015/04/02 6277.193 6293.162 6192.576 6252.271 44708652.00 26787354624.00
2015/04/03 6231.406 6331.470 6226.257 6328.873 37560996.00 22561898496.00
2015/04/07 6355.003 6438.158 6351.246 6436.687 45622844.00 26970181632.00
2015/04/08 6450.323 6495.616 6385.413 6480.737 57871532.00 30832519168.00
2015/04/09 6489.918 6527.311 6398.816 6439.333 57486100.00 30124625920.00
2015/04/10 6436.107 6569.627 6411.452 6562.898 54396452.00 30618529792.00
2015/04/13 6600.939 6662.288 6584.736 6645.789 47966168.00 23478800384.00
2015/04/14 6639.719 6694.807 6606.113 6650.063 51835176.00 26845870080.00
2015/04/15 6647.299 6698.965 6592.085 6603.598 52779420.00 24887298048.00
2015/04/16 6580.324 6770.925 6536.915 6769.343 67581328.00 27810910208.00
2015/04/17 6823.674 6892.124 6805.861 6851.715 83569104.00 51834556416.00
2015/04/20 6853.744 6911.437 6716.682 6730.785 84408304.00 35436285952.00
2015/04/21 6730.410 6827.912 6713.690 6826.044 58025076.00 38875672576.00
2015/04/22 6846.395 6973.276 6846.395 6971.189 98112024.00 60282712064.00
2015/04/23 6988.147 7002.796 6922.705 6959.488 58358784.00 48323710976.00
2015/04/24 6896.390 6942.275 6826.619 6922.571 55079784.00 39042789376.00
2015/04/27 6957.158 7037.820 6953.228 7033.291 61498656.00 41878560768.00
2015/04/28 7026.522 7058.856 6918.273 6961.659 66280980.00 42846441472.00
2015/04/29 6954.822 7019.109 6918.628 6991.971 49362712.00 42181758976.00
2015/04/30 7001.828 7031.085 6978.407 6979.330 38836308.00 38390005760.00
2015/05/04 6980.625 7007.593 6922.330 7000.789 40432840.00 34665222144.00
2015/05/05 6993.308 6994.972 6784.208 6813.157 47989192.00 31626293248.00
2015/05/06 6819.442 6917.464 6723.636 6762.549 60723092.00 38896230400.00
2015/05/07 6744.451 6752.858 6669.985 6676.676 59983136.00 39347662848.00
2015/05/08 6706.619 6760.011 6644.405 6758.274 53580412.00 34209802240.00
2015/05/11 6784.912 6913.310 6736.825 6909.429 62192528.00 42578513920.00
2015/05/12 6907.402 6969.256 6876.779 6964.778 43099456.00 35396423680.00
2015/05/13 6950.090 6964.805 6890.210 6918.067 38482224.00 44601094144.00
2015/05/14 6911.745 6932.055 6877.655 6907.687 40983028.00 44075819008.00
2015/05/15 6899.198 6899.198 6803.025 6827.268 46659736.00 45414658048.00
2015/05/18 6809.364 6845.590 6781.010 6789.296 37279208.00 37548818432.00
2015/05/19 6785.711 6968.028 6782.207 6962.811 56110872.00 40766775296.00
2015/05/20 6981.633 7085.220 6968.885 6987.930 67723088.00 41841328128.00
2015/05/21 6998.939 7089.366 6987.537 7088.331 39847936.00 28423399424.00
2015/05/22 7128.142 7237.471 7125.370 7234.701 63761080.00 44966137856.00
2015/05/25 7237.557 7400.264 7230.429 7398.432 59995392.00 46996774912.00
2015/05/26 7421.250 7475.220 7344.630 7469.040 53565664.00 49407303680.00
2015/05/27 7491.920 7503.160 7392.320 7449.160 57214064.00 48678256640.00
2015/05/28 7442.420 7468.500 7054.170 7084.480 63294944.00 54714302464.00
2015/05/29 7084.649 7167.727 6909.463 7078.598 70880696.00 53491650560.00
2015/06/01 7070.854 7352.786 7063.120 7348.963 68129016.00 69225332736.00
2015/06/02 7348.910 7420.140 7290.780 7415.460 61710236.00 45010526208.00
2015/06/03 7407.820 7433.850 7307.180 7389.010 60935952.00 39632961536.00
2015/06/04 7387.780 7459.550 7093.840 7457.740 89888680.00 53759393792.00
2015/06/05 7508.570 7554.090 7385.960 7506.360 76351104.00 70277070848.00
2015/06/08 7516.196 7670.679 7475.528 7639.020 86772848.00 72827125760.00
2015/06/09 7651.810 7657.590 7529.340 7597.500 83562144.00 71997997056.00
2015/06/10 7554.140 7662.878 7484.150 7583.901 55522040.00 63824613376.00
2015/06/11 7586.142 7604.398 7522.130 7587.682 60064636.00 78101995520.00
2015/06/12 7604.170 7645.870 7568.490 7631.680 56074400.00 81184317440.00
2015/06/15 7645.900 7656.540 7490.610 7498.480 66138296.00 89027362816.00
2015/06/16 7469.310 7474.150 7275.270 7328.750 77249848.00 92930760704.00
2015/06/17 7329.180 7425.410 7212.360 7409.530 78741280.00 81074225152.00
2015/06/18 7376.780 7378.180 7184.130 7196.420 68314280.00 84926767104.00
2015/06/19 7146.830 7161.770 6857.660 6866.470 78792992.00 72490336256.00
2015/06/23 6860.310 7009.030 6671.870 6998.440 91930032.00 84690305024.00
2015/06/24 7023.450 7106.110 6957.780 7101.430 102992160.00 203165876224.00
2015/06/25 7128.730 7140.400 6885.710 6923.350 72274760.00 128699801600.00
2015/06/26 6832.920 6852.010 6421.550 6487.890 100211696.00 96136904704.00
2015/06/29 6609.760 6635.640 6092.200 6321.920 166780400.00 100335738880.00
2015/06/30 6320.970 6666.060 6124.120 6663.330 162827168.00 94151016448.00
2015/07/01 6586.800 6678.510 6372.610 6391.470 125786040.00 52239679488.00
2015/07/02 6429.410 6462.510 6101.910 6244.030 134540272.00 60440326144.00
2015/07/03 6215.760 6286.440 5883.750 5995.710 126428736.00 57685213184.00
2015/07/06 6422.000 6427.270 5936.800 6143.690 198734592.00 84510457856.00
2015/07/07 6050.490 6093.970 5841.810 5980.150 146281472.00 63721832448.00
2015/07/08 5623.310 5729.520 5552.080 5579.830 127284528.00 51318960128.00
2015/07/09 5463.660 5975.390 5458.910 5957.080 83315744.00 41221230592.00
2015/07/10 6033.340 6348.620 5990.650 6292.270 91264000.00 51460165632.00
2015/07/13 6313.990 6479.420 6239.820 6403.230 83820704.00 44948295680.00
2015/07/14 6308.450 6433.870 6211.220 6266.050 70998896.00 42934861824.00
2015/07/15 6211.300 6241.770 5990.340 6035.250 76353912.00 45025067008.00
2015/07/16 5990.150 6193.520 5940.040 6123.550 70173424.00 40136310784.00
2015/07/17 6145.340 6348.300 6130.790 6311.380 63405708.00 41947566080.00
2015/07/20 6309.750 6380.610 6259.530 6310.690 60580904.00 42648035328.00
2015/07/21 6248.150 6353.420 6244.560 6315.280 52405136.00 38799048704.00
2015/07/22 6303.470 6331.480 6257.260 6301.550 47288880.00 41376100352.00
2015/07/23 6301.140 6420.820 6299.620 6415.480 53803632.00 47210770432.00
2015/07/24 6417.300 6443.920 6316.880 6339.350 49770912.00 36850290688.00
2015/07/27 6289.240 6308.080 5961.990 5963.220 58989840.00 39286120448.00
2015/07/28 5850.060 6050.160 5816.540 5962.420 90742576.00 53884379136.00
2015/07/29 5988.060 6093.540 5919.750 6087.990 58163720.00 43868831744.00
2015/07/30 6071.240 6108.150 5973.640 5982.270 56465648.00 63997997056.00
2015/07/31 5945.840 6009.650 5926.690 5954.430 25090936.00 28607789056.00
2015/08/03 5921.780 5944.960 5865.950 5927.560 18338584.00 28589582336.00
2015/08/04 5936.560 6078.820 5928.620 6072.950 20534408.00 33568835584.00
2015/08/05 6062.810 6076.510 5993.270 6001.760 22311928.00 34530951168.00
2015/08/06 5959.090 6018.500 5936.710 5973.640 20558740.00 36236095488.00
2015/08/07 5992.150 6070.140 5992.150 6050.390 25503200.00 36084174848.00
2015/08/10 6076.010 6250.800 6064.280 6233.580 25265212.00 39115943936.00
2015/08/11 6231.430 6243.240 6184.530 6206.000 19719540.00 25927170048.00
2015/08/12 6176.920 6216.280 6155.250 6156.910 24489172.00 28951119872.00
2015/08/13 6154.110 6207.480 6114.260 6206.150 25436612.00 29174214656.00
2015/08/14 6219.850 6241.960 6195.830 6209.440 24483198.00 32599443456.00
2015/08/17 6195.720 6216.850 6153.270 6211.940 21687120.00 33237690368.00
2015/08/18 6213.080 6231.400 5952.270 5968.460 29469818.00 42326601728.00
2015/08/19 5934.470 6031.940 5830.020 6020.040 43121672.00 40837210112.00
2015/08/20 5989.620 6012.630 5916.550 5919.580 25799392.00 45318209536.00
2015/08/21 5895.970 5900.160 5754.810 5758.460 40601428.00 47008358400.00
2015/08/24 5659.940 5659.940 5398.700 5400.860 33658720.00 39488397312.00
2015/08/25 5241.930 5360.940 5116.900 5122.330 45413984.00 39899303936.00
2015/08/26 5181.940 5328.380 5114.160 5189.530 60629244.00 38110928896.00
2015/08/27 5256.570 5378.160 5203.260 5372.680 51055724.00 37741731840.00
2015/08/28 5406.740 5510.760 5388.130 5506.590 45912632.00 36971556864.00
2015/08/31 5471.260 5500.030 5380.550 5496.610 37146932.00 33779836928.00
2015/09/01 5444.380 5477.940 5346.140 5466.830 42936332.00 42141196288.00
2015/09/02 5372.100 5492.900 5346.590 5453.140 41762488.00 35133108224.00
2015/09/07 5451.320 5540.520 5386.890 5396.470 26311446.00 37310521344.00
2015/09/08 5374.720 5495.390 5335.060 5488.520 24119264.00 37003337728.00
2015/09/09 5508.940 5577.240 5495.340 5557.880 23099084.00 37219446784.00
2015/09/10 5527.490 5555.530 5506.780 5523.620 19184428.00 39079608320.00
2015/09/11 5525.200 5552.920 5499.700 5521.420 15670590.00 29044176896.00
2015/09/14 5530.790 5538.280 5369.700 5434.640 21497098.00 37511565312.00
2015/09/15 5398.670 5411.960 5327.360 5335.940 18433488.00 33783105536.00
2015/09/16 5342.000 5543.680 5326.970 5505.010 21797344.00 39264780288.00
2015/09/17 5482.530 5532.990 5436.610 5437.340 23191296.00 39823118336.00
2015/09/18 5448.310 5471.520 5432.520 5448.570 15761105.00 31835396096.00
2015/09/21 5432.570 5500.780 5413.450 5495.610 13825698.00 32206227456.00
2015/09/22 5495.920 5555.510 5495.530 5529.750 14617032.00 32455006208.00
2015/09/23 5486.610 5503.080 5449.150 5456.540 11664369.00 35778535424.00
2015/09/24 5471.940 5493.600 5456.410 5476.270 9328770.00 33560279040.00
2015/09/25 5469.530 5475.270 5401.840 5423.020 11939333.00 34634997760.00
2015/09/28 5424.210 5442.470 5401.650 5440.580 8505339.00 38756732928.00
2015/09/29 5414.780 5414.790 5365.570 5377.410 9447109.00 38614441984.00
2015/09/30 5386.800 5419.310 5386.800 5402.790 7797698.00 36276662272.00
2015/10/08 5525.730 5539.140 5502.780 5505.210 14482224.00 35019014144.00
2015/10/09 5512.380 5559.830 5506.640 5554.390 9731704.00 28928065536.00
2015/10/12 5566.470 5701.240 5563.880 5674.980 13665731.00 37527994368.00
2015/10/13 5648.850 5668.550 5638.300 5663.880 11331496.00 35078537216.00
2015/10/14 5652.920 5673.660 5628.200 5629.810 9819283.00 32852588544.00
2015/10/15 5628.740 5715.290 5625.170 5714.920 12027185.00 30323238912.00
2015/10/16 5726.730 5754.820 5714.250 5753.880 14480002.00 38740365312.00
2015/10/19 5755.870 5786.930 5728.520 5754.590 14116025.00 41371475968.00
2015/10/20 5750.980 5788.510 5732.240 5787.850 10413494.00 31957030912.00
2015/10/21 5793.710 5797.520 5659.700 5697.610 14937531.00 36766261248.00
2015/10/22 5692.420 5748.640 5684.290 5744.390 12558721.00 41586692096.00
2015/10/23 5752.940 5802.800 5746.410 5801.270 13354416.00 51864080384.00
2015/10/26 5836.600 5847.280 5793.380 5813.550 13053940.00 41286639616.00
2015/10/27 5807.960 5825.180 5743.610 5816.540 11623604.00 36752162816.00
2015/10/28 5805.400 5815.090 5779.350 5782.040 12425312.00 43896881152.00
2015/10/29 5783.990 5801.650 5775.620 5788.640 9814773.00 35506806784.00
2015/10/30 5787.560 5807.120 5772.120 5789.140 10542932.00 41322496000.00
2015/11/02 5777.990 5792.940 5761.380 5762.500 11215843.00 35990544384.00
2015/11/03 5763.990 5772.080 5749.020 5753.370 12452283.00 61973991424.00
2015/11/04 5756.670 5851.770 5756.670 5850.190 20859152.00 65920901120.00
2015/11/05 5844.950 5915.410 5841.590 5881.550 22373258.00 64391860224.00
2015/11/06 5878.620 5926.800 5875.460 5923.450 19888840.00 73344180224.00
2015/11/09 5921.690 5966.450 5919.650 5944.980 20899054.00 57510563840.00
2015/11/10 5933.350 5956.110 5923.570 5937.730 16454066.00 52109803520.00
2015/11/11 5937.900 5942.090 5915.490 5938.730 15354230.00 52966105088.00
2015/11/12 5941.180 5942.370 5912.310 5926.200 12833310.00 44451512320.00
2015/11/13 5915.080 5923.940 5896.060 5905.320 13904173.00 49596329984.00
2015/11/16 5879.340 5917.420 5874.580 5916.140 10992863.00 41568911360.00
2015/11/17 5924.570 5957.110 5909.200 5910.030 14358421.00 53890473984.00
2015/11/18 5910.190 5916.960 5890.520 5893.830 10231081.00 34292764672.00
2015/11/19 5895.970 5925.830 5893.500 5924.880 10353021.00 43635793920.00
2015/11/20 5925.550 5933.590 5919.970 5927.360 11698152.00 50882301952.00
2015/11/23 5925.190 5944.070 5915.720 5919.620 13794541.00 58497175552.00
2015/11/24 5917.510 5922.160 5897.080 5921.700 11550687.00 51548270592.00
2015/11/25 5918.530 5938.060 5913.650 5937.820 12638120.00 46754607104.00
2015/11/26 5945.700 5952.280 5927.850 5931.500 11276746.00 44103528448.00
2015/11/27 5925.430 5925.430 5815.690 5828.530 16625152.00 54388662272.00
2015/11/30 5826.690 5841.280 5776.190 5829.080 14268952.00 45931864064.00
2015/12/01 5828.360 5852.400 5813.710 5840.050 12703240.00 39546789888.00
2015/12/02 5838.790 5900.300 5830.950 5899.010 15089022.00 30795177984.00
2015/12/03 5896.700 5916.670 5884.800 5912.780 13428212.00 38313902080.00
2015/12/04 5905.160 5905.210 5873.470 5879.300 13545536.00 47813677056.00
2015/12/07 5878.240 5890.480 5868.140 5881.560 11035078.00 44310687744.00
2015/12/08 5872.230 5872.230 5848.770 5852.800 10816783.00 34438574080.00
2015/12/09 5849.950 5860.930 5845.510 5850.310 11422293.00 49300414464.00
2015/12/10 5852.610 5871.300 5840.570 5845.010 12470545.00 47589163008.00
2015/12/11 5838.800 5844.000 5824.110 5835.060 11224561.00 39067893760.00
2015/12/14 5824.880 5883.480 5819.580 5883.070 15088225.00 46038552576.00
2015/12/15 5880.710 5886.250 5866.990 5871.730 12417709.00 48392953856.00
2015/12/16 5876.270 5884.690 5872.000 5872.640 10116598.00 32193990656.00
2015/12/17 5880.180 5913.760 5879.910 5906.750 14142498.00 40272990208.00
2015/12/18 5905.150 5929.910 5902.770 5912.690 13337940.00 35112591360.00
2015/12/21 5906.940 5963.230 5906.060 5957.560 16996078.00 41403604992.00
2015/12/22 5959.680 5963.560 5944.500 5960.910 12977935.00 45155176448.00
2015/12/23 5961.500 5984.720 5956.300 5959.230 18380768.00 46866845696.00
2015/12/24 5958.780 5959.880 5924.310 5946.690 11809759.00 32777498624.00
2015/12/25 5947.790 5954.030 5941.670 5952.300 8788495.00 41580494848.00
2015/12/28 5949.380 5956.370 5902.800 5903.180 12880425.00 47461842944.00
2015/12/29 5900.200 5919.160 5896.640 5918.450 11915921.00 52739710976.00
2015/12/30 5918.840 5919.820 5901.890 5917.870 14030436.00 59966578688.00
2015/12/31 5916.910 5924.750 5903.310 5904.920 11031640.00 44271960064.00
2016/01/04 5901.840 5902.400 5781.140 5782.990 13045614.00 35570028544.00
2016/01/05 5756.420 5804.820 5736.480 5779.900 19195580.00 26676916224.00
2016/01/06 5778.950 5807.250 5775.680 5806.910 14934045.00 25451173888.00
2016/01/07 5788.730 5788.730 5704.890 5717.370 6660545.00 28571793408.00
2016/01/08 5747.170 5747.930 5665.690 5721.500 21096970.00 32781471744.00
2016/01/11 5694.220 5701.460 5631.050 5633.350 24479054.00 30278029312.00
2016/01/12 5641.710 5650.800 5621.510 5636.720 18748418.00 25167370240.00
2016/01/13 5646.300 5660.470 5606.960 5608.270 16220183.00 24511877120.00
2016/01/14 5588.060 5637.490 5568.640 5636.470 20508450.00 28062900224.00
2016/01/15 5628.980 5631.940 5578.040 5583.960 17974220.00 25929883648.00
2016/01/18 5568.980 5604.000 5566.380 5587.960 15052425.00 24045230080.00
2016/01/19 5586.750 5635.850 5583.990 5633.950 17304912.00 24564965376.00
2016/01/20 5628.820 5634.170 5602.570 5609.830 17890916.00 24305414144.00
2016/01/21 5597.770 5623.700 5566.400 5567.520 20113834.00 26975141888.00
2016/01/22 5580.840 5597.970 5553.440 5586.910 17084368.00 25224550400.00
2016/01/25 5592.420 5604.440 5583.670 5592.000 12096925.00 24298196992.00
2016/01/26 5582.180 5582.180 5496.700 5500.960 19023664.00 27768467456.00
2016/01/27 5504.470 5515.140 5446.540 5490.060 21537376.00 31022272512.00
2016/01/28 5481.510 5493.510 5444.900 5450.650 15861411.00 31058034688.00
2016/01/29 5452.620 5508.720 5452.350 5497.490 18429574.00 38026760192.00
2016/02/01 5496.740 5498.010 5461.270 5476.790 11821015.00 27242489856.00
2016/02/02 5476.810 5513.480 5476.640 5509.650 14077533.00 32328445952.00
2016/02/03 5497.810 5503.980 5475.270 5500.900 16702752.00 46895513600.00
2016/02/04 5504.970 5529.800 5504.970 5526.150 21870766.00 89598484480.00
2016/02/05 5527.290 5528.880 5516.690 5517.800 18792780.00 57412022272.00
2016/02/15 5484.840 5513.100 5476.260 5506.640 14597437.00 25351788544.00
2016/02/16 5509.350 5556.660 5509.350 5554.850 14886192.00 26746343424.00
2016/02/17 5553.100 5568.400 5549.300 5567.140 15981582.00 27112955904.00
2016/02/18 5573.760 5585.860 5563.320 5563.790 14720870.00 23532351488.00
2016/02/19 5562.710 5570.530 5555.890 5563.620 12539687.00 28489455616.00
2016/02/22 5578.350 5600.510 5574.680 5596.600 21216976.00 34500067328.00
2016/02/23 5597.060 5597.210 5568.930 5582.570 12716005.00 28407488512.00
2016/02/24 5577.990 5590.960 5563.420 5588.650 16986464.00 34429386752.00
2016/02/25 5587.560 5587.560 5481.520 5493.350 21984590.00 42101936128.00
2016/02/26 5497.930 5511.860 5486.630 5505.620 19944876.00 34510499840.00
2016/02/29 5499.920 5500.590 5443.920 5464.920 18964154.00 29408227328.00
2016/03/01 5469.250 5504.540 5461.770 5495.650 17148656.00 28859021312.00
2016/03/02 5496.090 5563.940 5495.920 5562.530 24473164.00 34246811648.00
2016/03/03 5562.190 5574.410 5558.380 5561.950 17843810.00 36206809088.00
2016/03/04 5561.730 5583.600 5548.030 5579.950 24979336.00 36032557056.00
2016/03/07 5581.090 5603.380 5577.450 5588.490 19846514.00 38285148160.00
2016/03/08 5583.830 5589.240 5537.150 5588.880 20332642.00 39817240576.00
2016/03/09 5567.980 5569.400 5546.240 5567.610 16157450.00 37746171904.00
2016/03/10 5562.610 5573.060 5543.110 5543.590 13064268.00 34644828160.00
2016/03/11 5535.900 5548.430 5527.010 5544.400 15746016.00 34191298560.00
2016/03/14 5552.560 5592.510 5552.560 5571.950 20730052.00 40569167872.00
2016/03/15 5569.580 5573.280 5551.330 5570.630 16450663.00 30772885504.00
2016/03/16 5569.980 5585.490 5568.940 5580.000 18283800.00 35961012224.00
2016/03/17 5581.730 5615.650 5576.510 5599.980 22551544.00 46340915200.00
2016/03/18 5620.510 5640.450 5601.190 5629.620 29887864.00 53514174464.00
2016/03/21 5638.830 5677.450 5638.170 5667.540 23528092.00 45641330688.00
2016/03/22 5662.050 5666.660 5652.930 5654.500 16388999.00 37542404096.00
2016/03/23 5651.850 5664.470 5645.500 5659.950 20365080.00 43921149952.00
2016/03/24 5651.130 5651.650 5633.430 5633.930 18064836.00 41625448448.00
2016/03/25 5632.000 5644.460 5631.710 5641.280 14904267.00 37373607936.00
2016/03/28 5645.180 5659.670 5625.700 5628.080 17337990.00 42965147648.00
2016/03/29 5629.070 5633.270 5603.480 5610.410 20945702.00 44685774848.00
2016/03/30 5618.690 5659.780 5618.690 5656.850 21297648.00 49721655296.00
2016/03/31 5659.090 5665.860 5648.440 5655.370 20162884.00 55541039104.00
2016/04/01 5656.380 5661.010 5630.880 5660.640 18950236.00 38693863424.00
2016/04/05 5656.290 5686.470 5651.480 5680.680 24266500.00 43812765696.00
2016/04/06 5676.070 5682.780 5667.240 5677.170 13882021.00 34331877376.00
2016/04/07 5679.290 5684.510 5656.540 5657.500 13042192.00 31771498496.00
2016/04/08 5650.630 5650.780 5632.550 5644.670 14064723.00 35837530112.00
2016/04/11 5652.530 5677.540 5652.530 5666.100 15788139.00 36229525504.00
2016/04/12 5665.200 5668.170 5651.790 5660.200 14479480.00 34005426176.00
2016/04/13 5666.560 5702.340 5666.560 5685.520 25559232.00 45281460224.00
2016/04/14 5693.590 5699.060 5682.030 5691.550 16519639.00 36328820736.00
2016/04/15 5693.900 5696.380 5686.860 5691.790 13412574.00 38841335808.00
2016/04/18 5684.480 5684.480 5666.080 5669.330 12776877.00 32675631104.00
2016/04/19 5675.110 5682.710 5666.650 5672.710 13630491.00 32610295808.00
2016/04/20 5675.700 5679.880 5607.750 5641.920 21547500.00 34812923904.00
2016/04/21 5633.380 5653.600 5628.780 5636.480 16735610.00 32921833472.00
2016/04/22 5630.470 5642.060 5624.890 5641.370 11926080.00 33394358272.00
2016/04/25 5640.010 5640.030 5635.610 5638.820 11266340.00 36997361664.00
2016/04/26 5638.680 5641.310 5636.940 5640.780 11620995.00 31753242624.00
2016/04/27 5640.990 5642.480 5638.850 5639.720 11434235.00 38308421632.00
2016/04/28 5639.620 5640.890 5635.720 5638.940 13478790.00 36561145856.00
2016/04/29 5638.480 5640.530 5637.960 5639.290 13954571.00 34651127808.00
2016/05/03 5638.740 5645.740 5637.230 5645.650 18850864.00 33743816704.00
2016/05/04 5644.230 5646.090 5643.250 5644.680 15513889.00 31305740288.00
2016/05/05 5643.850 5645.750 5642.820 5645.600 11687781.00 26397995008.00
2016/05/06 5645.500 5646.100 5635.490 5635.530 17068114.00 29855674368.00
2016/05/09 5634.390 5634.390 5625.040 5626.320 16363960.00 29634408448.00
2016/05/10 5625.360 5627.220 5624.830 5625.880 10579380.00 26318712832.00
2016/05/11 5626.720 5629.360 5625.320 5627.110 11428398.00 28420700160.00
2016/05/12 5625.670 5627.880 5621.240 5627.650 10486835.00 29224955904.00
2016/05/13 5626.540 5629.190 5625.330 5626.580 11987234.00 31123343360.00
2016/05/16 5625.230 5628.780 5623.510 5628.640 12524087.00 29733597184.00
2016/05/17 5628.930 5629.940 5626.310 5628.090 10547414.00 26136311808.00
2016/05/18 5626.690 5626.730 5621.600 5624.600 11529547.00 28018868224.00
2016/05/19 5623.860 5627.300 5623.760 5624.310 10848500.00 28473583616.00
2016/05/20 5623.770 5627.060 5622.730 5626.930 10613881.00 28052131840.00
2016/05/23 5626.790 5629.930 5626.730 5628.340 11589153.00 35624435712.00
2016/05/24 5627.920 5628.020 5624.010 5625.330 10280296.00 26846300160.00
2016/05/25 5626.240 5628.760 5625.220 5625.640 12991442.00 34202906624.00
2016/05/26 5625.630 5627.210 5621.870 5626.060 9918240.00 32256681984.00
2016/05/27 5625.980 5627.660 5624.930 5626.660 10658235.00 33143181312.00
2016/05/30 5625.750 5628.060 5623.120 5627.040 11291746.00 31051976704.00
2016/05/31 5627.170 5641.070 5627.130 5641.010 22583444.00 42792087552.00
2016/06/01 5641.500 5641.520 5638.860 5639.040 14595420.00 34245814272.00
2016/06/02 5638.880 5639.930 5637.590 5639.730 10341295.00 29011116032.00
2016/06/03 5639.730 5644.130 5639.730 5643.420 13077730.00 33370638336.00
2016/06/06 5642.780 5643.930 5640.410 5641.570 11074546.00 36232142848.00
2016/06/07 5641.910 5642.780 5641.050 5642.380 12829194.00 34301603840.00
2016/06/08 5642.620 5644.030 5640.020 5643.310 9915520.00 34780610560.00
2016/06/13 5639.000 5639.000 5629.220 5629.260 18550432.00 36532359168.00
2016/06/14 5628.970 5630.810 5628.510 5630.540 11469781.00 30089488384.00
2016/06/15 5627.820 5637.230 5627.110 5635.800 14669970.00 32869240832.00
2016/06/16 5635.160 5635.590 5633.310 5634.040 12110419.00 32277968896.00
2016/06/17 5634.720 5638.500 5634.590 5635.990 13564065.00 34885005312.00
2016/06/20 5636.030 5636.840 5634.030 5636.620 11184959.00 30267537408.00
2016/06/21 5637.880 5641.520 5634.950 5635.440 12118983.00 27970807808.00
2016/06/22 5634.930 5638.930 5634.360 5638.860 12413669.00 27073554432.00
2016/06/23 5638.720 5638.760 5635.830 5637.290 10406614.00 31155144704.00
2016/06/24 5637.350 5639.620 5628.170 5632.650 27112270.00 38789128192.00
2016/06/27 5631.860 5637.820 5631.630 5637.460 14877578.00 35311620096.00
2016/06/28 5636.310 5639.890 5635.020 5639.690 13126227.00 33294295040.00
2016/06/29 5640.090 5642.430 5640.090 5641.770 13339393.00 35562852352.00
2016/06/30 5642.280 5644.450 5641.970 5644.230 14031446.00 28561944576.00
2016/07/01 5644.630 5646.570 5644.630 5645.260 10644794.00 32247449600.00
2016/07/04 5643.880 5652.590 5643.100 5651.980 16570721.00 30272647168.00
2016/07/05 5651.770 5653.560 5651.220 5652.990 11094652.00 26525310976.00
2016/07/06 5652.300 5654.390 5650.410 5654.340 14096179.00 27166533632.00
2016/07/07 5654.090 5656.370 5652.920 5655.120 10250937.00 26132885504.00
2016/07/08 5654.810 5655.110 5653.180 5654.000 9378034.00 26227513344.00
2016/07/11 5654.720 5660.090 5654.710 5656.140 13153196.00 26573664256.00
2016/07/12 5655.780 5664.390 5655.670 5664.290 13964623.00 25576970240.00
2016/07/13 5664.530 5668.450 5664.490 5665.820 15800571.00 28627582976.00
2016/07/14 5665.680 5665.900 5663.750 5665.790 11032175.00 22375544832.00
2016/07/15 5666.150 5667.490 5665.640 5667.090 12544506.00 26192943104.00
2016/07/18 5665.700 5667.010 5663.920 5665.220 10815520.00 23755712512.00
2016/07/19 5664.850 5665.500 5660.910 5663.400 9720284.00 20636063744.00
2016/07/20 5663.240 5664.230 5662.090 5662.420 8676973.00 23993196544.00
2016/07/21 5662.160 5678.360 5662.030 5669.990 9602506.00 23450132480.00
2016/07/22 5668.150 5668.570 5644.660 5646.640 9288523.00 25478340608.00
2016/07/25 5644.520 5659.750 5641.170 5645.710 8858405.00 24190861312.00
2016/07/26 5645.400 5683.840 5645.160 5683.620 10794311.00 24733368320.00
2016/07/27 5683.580 5688.850 5589.150 5631.970 15534058.00 29884563456.00
2016/07/28 5626.220 5644.970 5618.100 5636.290 10441806.00 26435190784.00
2016/07/29 5633.840 5639.500 5617.500 5622.850 9461655.00 27017078784.00
2016/08/01 5618.510 5621.600 5587.630 5602.810 13437192.00 27282896896.00
2016/08/02 5602.850 5612.470 5596.220 5610.710 6856048.00 21133606912.00
2016/08/03 5606.730 5617.850 5599.110 5617.560 10616846.00 22697775104.00
2016/08/04 5616.590 5616.680 5597.420 5615.340 10842909.00 21696047104.00
2016/08/05 5617.960 5637.180 5614.620 5628.060 12129611.00 25717782528.00
2016/08/08 5627.230 5649.670 5612.760 5648.980 9586874.00 25406265344.00
2016/08/09 5637.790 5668.220 5636.950 5666.890 11310806.00 23580561408.00
2016/08/10 5668.910 5675.130 5660.000 5661.220 12588205.00 24787382272.00
2016/08/11 5658.510 5686.910 5654.640 5655.340 14354556.00 28634783744.00
2016/08/12 5655.250 5708.060 5654.030 5707.340 14194122.00 26524710912.00
2016/08/15 5710.490 5814.210 5710.160 5787.810 21354684.00 34820386816.00
2016/08/16 5796.650 5808.530 5769.100 5775.090 18013476.00 29890709504.00
2016/08/17 5774.220 5784.680 5758.170 5768.010 12369110.00 25210009600.00
2016/08/18 5770.460 5785.760 5753.830 5761.340 13355682.00 29573427200.00
2016/08/19 5762.320 5770.770 5746.050 5765.960 11880697.00 28218693632.00
2016/08/22 5765.340 5772.420 5742.330 5743.230 10595473.00 23787249664.00
2016/08/23 5743.500 5760.570 5731.790 5744.050 12287007.00 27658582016.00
2016/08/24 5744.780 5750.730 5730.790 5735.730 10219642.00 25151453184.00
2016/08/25 5728.590 5728.590 5697.590 5721.320 12069421.00 29036748800.00
2016/08/26 5722.850 5743.500 5719.960 5725.700 10455234.00 33359521792.00
2016/08/29 5725.150 5726.610 5713.110 5720.750 8402955.00 22213500928.00
2016/08/30 5722.730 5738.210 5721.340 5730.180 11446172.00 26932580352.00
2016/08/31 5729.730 5743.820 5722.130 5738.160 11091708.00 26941603840.00
2016/09/01 5737.540 5738.880 5714.840 5715.030 9903140.00 25108350976.00
2016/09/02 5714.940 5729.310 5712.930 5725.390 13737631.00 30520543232.00
2016/09/05 5730.810 5751.300 5730.810 5735.950 11889229.00 26077433856.00
2016/09/06 5737.760 5763.660 5719.070 5759.300 14192912.00 27531100160.00
2016/09/07 5761.520 5778.530 5761.270 5763.900 16263954.00 30374326272.00
2016/09/08 5762.270 5768.610 5758.040 5767.430 8992292.00 28370518016.00
2016/09/09 5767.010 5773.310 5755.250 5756.640 12566994.00 24005386240.00
2016/09/12 5722.880 5722.880 5675.900 5692.200 19409576.00 31326797824.00
2016/09/13 5696.460 5704.120 5680.430 5686.570 12844088.00 30252863488.00
2016/09/14 5676.600 5680.220 5662.920 5667.490 11374942.00 27810041856.00
2016/09/19 5669.970 5691.320 5669.860 5690.760 12193878.00 30545762304.00
2016/09/20 5689.550 5691.080 5682.440 5686.680 8010320.00 25678352384.00
2016/09/21 5686.330 5699.680 5683.410 5695.780 12241527.00 25308618752.00
2016/09/22 5705.450 5731.160 5705.450 5715.060 13866461.00 28394928128.00
2016/09/23 5718.340 5719.670 5704.670 5706.590 9976943.00 32515121152.00
2016/09/26 5702.380 5702.400 5656.360 5657.510 14313413.00 34222047232.00
2016/09/27 5655.590 5673.300 5654.230 5672.990 14046840.00 31330816000.00
2016/09/28 5672.620 5673.180 5660.560 5662.950 13401240.00 28509779968.00
2016/09/29 5668.510 5686.220 5668.510 5677.320 10568035.00 31964272640.00
2016/09/30 5673.400 5686.860 5672.460 5684.600 11298241.00 33453799424.00
2016/10/10 5694.380 5722.020 5690.170 5721.080 14187544.00 38456676352.00
2016/10/11 5732.480 5732.480 5718.700 5727.120 13571340.00 31119888384.00
2016/10/12 5723.520 5723.520 5713.170 5719.390 9765223.00 29864067072.00
2016/10/13 5720.530 5726.030 5714.040 5719.330 13410958.00 30993260544.00
2016/10/14 5718.400 5725.780 5705.890 5725.000 12489323.00 35935916032.00
2016/10/17 5725.320 5725.510 5696.850 5701.120 13272613.00 35631726592.00
2016/10/18 5700.940 5743.960 5700.450 5743.460 18152076.00 34396717056.00
2016/10/19 5744.710 5751.670 5732.870 5737.170 12515453.00 31541157888.00
2016/10/20 5737.920 5745.080 5736.680 5739.010 11345801.00 32682221568.00
2016/10/21 5737.580 5756.380 5732.460 5747.490 11708053.00 37056745472.00
2016/10/24 5748.090 5796.120 5746.860 5784.230 21896976.00 35817922560.00
2016/10/25 5784.500 5788.640 5776.380 5783.330 20416078.00 32697970688.00
2016/10/26 5781.130 5781.730 5767.020 5770.020 14669160.00 33722017792.00
2016/10/27 5767.110 5768.560 5753.740 5761.090 13368288.00 29266616320.00
2016/10/28 5762.330 5781.020 5755.670 5757.050 16269512.00 39491559424.00
2016/10/31 5756.600 5756.790 5740.820 5754.340 12599762.00 30599624704.00
2016/11/01 5754.640 5773.220 5753.510 5773.030 15364124.00 33965363200.00
2016/11/02 5769.450 5769.450 5752.050 5752.860 16206955.00 37529354240.00
2016/11/03 5749.510 5786.940 5747.260 5775.060 22343676.00 41338617856.00
2016/11/04 5772.860 5783.830 5765.150 5767.670 15090499.00 36114821120.00
2016/11/07 5767.810 5775.480 5762.960 5771.390 14069009.00 33048662016.00
2016/11/08 5774.780 5793.410 5774.780 5785.110 17635460.00 39877005312.00
2016/11/09 5785.750 5785.750 5742.240 5765.340 33146036.00 37857751040.00
2016/11/10 5775.750 5801.320 5775.750 5796.730 18965984.00 45403049984.00
2016/11/11 5791.030 5818.850 5788.400 5815.980 20757396.00 43242201088.00
2016/11/14 5806.470 5835.430 5802.780 5818.080 20562192.00 41506017280.00
2016/11/15 5819.780 5823.680 5811.380 5818.370 16200330.00 35778596864.00
2016/11/16 5820.270 5826.700 5817.130 5821.150 14073600.00 36115890176.00
2016/11/17 5817.870 5826.820 5810.110 5824.710 13324939.00 39891599360.00
2016/11/18 5823.920 5827.850 5811.180 5813.670 16197046.00 45375664128.00
2016/11/21 5812.260 5850.600 5810.870 5832.750 22243512.00 42683576320.00
2016/11/22 5834.210 5858.680 5834.200 5857.720 22979322.00 56702242816.00
2016/11/23 5859.950 5874.930 5855.640 5859.950 30490796.00 104626561024.00
2016/11/24 5856.490 5880.200 5855.200 5865.490 21726636.00 74660593664.00
2016/11/25 5865.130 5891.630 5846.880 5890.980 27291304.00 100446740480.00
2016/11/28 5898.840 5914.280 5898.240 5901.140 24600350.00 101014568960.00
2016/11/29 5898.430 5927.800 5889.670 5915.220 25923976.00 84702593024.00
2016/11/30 5910.830 5916.160 5884.090 5890.000 27210984.00 89134178304.00
2016/12/01 5891.670 5919.100 5886.450 5910.060 26847756.00 94579859456.00
2016/12/02 5908.340 5908.340 5872.890 5879.850 24290976.00 102542114816.00
2016/12/05 5860.690 5860.690 5833.090 5837.480 26439340.00 86553952256.00
2016/12/06 5839.890 5848.070 5834.220 5834.640 26603980.00 125386448896.00
2016/12/07 5835.670 5850.400 5827.380 5849.540 22025056.00 97647452160.00
2016/12/08 5855.240 5862.730 5846.700 5848.830 18679240.00 58183884800.00
2016/12/09 5841.850 5872.690 5838.650 5865.190 22265734.00 69005737984.00
2016/12/12 5864.180 5867.620 5797.150 5800.570 25379160.00 59169718272.00
2016/12/13 5795.230 5801.730 5771.930 5793.190 20207004.00 57995407360.00
2016/12/14 5793.710 5803.170 5780.080 5780.430 17583656.00 40624852992.00
2016/12/15 5773.210 5774.150 5733.620 5740.860 19199006.00 37978480640.00
2016/12/16 5732.770 5756.270 5732.130 5745.100 15119559.00 39825686528.00
2016/12/19 5744.440 5745.700 5733.160 5737.600 16142759.00 42134814720.00
2016/12/20 5737.180 5738.570 5707.250 5720.390 15494592.00 45475315712.00
2016/12/21 5722.160 5744.690 5722.160 5743.760 18568544.00 48405389312.00
2016/12/22 5742.080 5744.430 5730.860 5741.290 22349948.00 45108908032.00
2016/12/23 5739.730 5740.440 5717.410 5720.630 17463656.00 49461743616.00
2016/12/26 5714.380 5732.830 5692.110 5731.860 18171776.00 40691073024.00
2016/12/27 5730.780 5737.610 5719.120 5727.750 18672816.00 40122888192.00
2016/12/28 5726.750 5728.960 5712.820 5719.150 18193876.00 36007796736.00
2016/12/29 5715.370 5726.830 5709.330 5722.100 14487188.00 34102679552.00
2016/12/30 5722.640 5738.050 5721.900 5733.600 17195330.00 33205075968.00
