2015/01/05 4881.153 4988.671 4871.448 4982.541 122403368.00 108550029312.00
2015/01/06 4965.909 5040.358 4929.575 5039.223 122285800.00 115860529152.00
2015/01/07 5021.951 5058.731 4998.718 5057.458 96523968.00 91238776832.00
2015/01/08 5050.794 5062.246 4977.868 4993.748 96552336.00 91493548032.00
2015/01/09 4969.669 5039.972 4936.320 4936.352 85118296.00 81471668224.00
2015/01/12 4903.870 4903.870 4798.903 4829.443 73094152.00 68826308608.00
2015/01/13 4827.127 4892.730 4826.620 4884.548 54621064.00 55760384000.00
2015/01/14 4888.607 4891.784 4821.527 4849.539 53340384.00 54066446336.00
2015/01/15 4849.657 4928.223 4849.256 4927.689 56670572.00 56475750400.00
2015/01/16 4937.932 4975.427 4923.909 4974.387 69077464.00 70163013632.00
2015/01/19 4808.859 4896.049 4659.069 4707.017 92057352.00 88745975808.00
2015/01/20 4728.651 4866.918 4728.651 4866.041 72466688.00 73926770688.00
2015/01/21 4879.247 5007.043 4878.734 5006.541 85227440.00 90333995008.00
2015/01/22 5013.160 5086.911 5003.726 5081.762 83834640.00 89588776960.00
2015/01/23 5094.969 5099.290 5026.465 5050.527 85520992.00 88110366720.00
2015/01/26 5059.079 5171.095 5052.803 5170.400 87102512.00 92500885504.00
2015/01/27 5181.445 5202.466 5092.891 5193.264 97519072.00 102669975552.00
2015/01/28 5171.733 5217.562 5147.981 5168.585 88722440.00 91970215936.00
2015/01/29 5121.256 5166.024 5105.777 5138.930 77925288.00 79054258176.00
2015/01/30 5144.994 5166.415 5057.312 5057.852 69550136.00 73005858816.00
2015/02/02 4985.791 5043.373 4952.672 4999.837 61165540.00 62685192192.00
2015/02/03 5017.407 5080.824 5016.336 5079.742 58647084.00 63061266432.00
2015/02/04 5094.158 5103.745 5048.550 5053.010 65095568.00 70889259008.00
2015/02/05 5107.124 5111.054 4999.218 5000.054 66798248.00 72662482944.00
2015/02/06 4985.803 5000.237 4864.373 4890.965 60273352.00 61592109056.00
2015/02/09 4880.679 4899.709 4846.454 4859.813 43439684.00 44575178752.00
2015/02/10 4857.853 4931.627 4854.838 4930.571 40563640.00 42396446720.00
2015/02/11 4938.917 4978.958 4938.543 4976.246 43294796.00 47450406912.00
2015/02/12 4981.372 5019.960 4969.837 5009.863 46484288.00 51153293312.00
2015/02/13 5035.908 5105.898 5035.908 5083.488 66342760.00 69921488896.00
2015/02/16 5099.834 5167.260 5097.567 5166.812 61066312.00 68874592256.00
2015/02/17 5187.746 5223.185 5182.874 5220.154 64786604.00 70869934080.00
2015/02/25 5235.535 5268.344 5207.248 5234.889 69635536.00 75434393600.00
2015/02/26 5232.273 5308.375 5224.613 5307.166 77246848.00 81370865664.00
2015/02/27 5312.946 5350.696 5306.228 5345.858 78955840.00 86743154688.00
2015/03/02 5388.927 5447.352 5362.959 5446.739 100980272.00 113527193600.00
2015/03/03 5435.955 5499.577 5409.056 5425.293 116240288.00 130906136576.00
2015/03/04 5425.559 5496.820 5421.602 5495.944 94274480.00 109148971008.00
2015/03/05 5494.793 5507.889 5456.177 5496.745 98530272.00 115327516672.00
2015/03/06 5495.635 5513.687 5429.757 5450.476 91320248.00 104609742848.00
2015/03/09 5434.514 5524.385 5400.102 5524.030 79670088.00 90149527552.00
2015/03/10 5523.789 5587.961 5516.554 5565.589 84011176.00 97358602240.00
2015/03/11 5564.336 5576.755 5527.396 5552.191 82460424.00 94776074240.00
2015/03/12 5564.527 5593.337 5534.297 5572.658 87171728.00 100298465280.00
2015/03/13 5587.364 5648.453 5587.364 5647.873 81334912.00 95103508480.00
2015/03/16 5684.024 5819.996 5684.024 5819.180 117398104.00 138438983680.00
2015/03/17 5848.431 5928.207 5828.038 5910.416 150106368.00 172421824512.00
2015/03/18 5915.796 6020.221 5909.371 6019.213 148048704.00 169345613824.00
2015/03/19 6016.125 6071.047 5967.310 6069.959 152377760.00 175612575744.00
2015/03/20 6075.017 6128.959 6060.046 6108.034 132120072.00 156866969600.00
2015/03/23 6147.743 6246.281 6142.461 6245.087 149706288.00 180698890240.00
2015/03/24 6259.066 6286.307 6055.864 6280.589 184272352.00 218965196800.00
2015/03/25 6268.182 6344.279 6212.781 6304.494 144982336.00 183532421120.00
2015/03/26 6268.815 6341.726 6200.365 6287.448 142229184.00 179123699712.00
2015/03/27 6280.016 6343.914 6256.674 6333.130 108188192.00 137016672256.00
2015/03/30 6359.958 6449.862 6359.958 6441.126 141993312.00 176176922624.00
2015/03/31 6464.659 6473.903 6377.552 6395.578 136620128.00 173742882816.00
2015/04/01 6399.644 6552.881 6398.740 6549.409 123392272.00 163565633536.00
2015/04/02 6575.457 6678.817 6568.443 6678.153 144001232.00 191284822016.00
2015/04/03 6644.512 6777.815 6610.651 6777.233 142813296.00 187631599616.00
2015/04/07 6811.669 6937.446 6811.669 6936.805 156085152.00 205080199168.00
2015/04/08 6966.274 6982.682 6770.165 6889.364 163907104.00 220152594432.00
2015/04/09 6902.735 6903.625 6595.346 6812.231 152318288.00 204844875776.00
2015/04/10 6790.982 7003.713 6762.377 6995.816 127155552.00 174521696256.00
2015/04/13 7048.715 7208.427 7040.171 7194.062 153148592.00 215106387968.00
2015/04/14 7199.210 7312.924 7148.079 7232.711 165287424.00 223850479616.00
2015/04/15 7212.493 7212.493 6954.561 6982.747 153411904.00 205107462144.00
2015/04/16 6908.247 7149.549 6813.979 7102.856 136082768.00 180957839360.00
2015/04/17 7163.584 7239.643 7123.807 7202.461 174982912.00 233801596928.00
2015/04/20 7178.059 7301.324 7050.171 7091.804 213016192.00 282882113536.00
2015/04/21 7092.125 7306.966 7077.189 7305.738 168517408.00 226494300160.00
2015/04/22 7360.830 7519.312 7360.830 7512.993 180767296.00 246268018688.00
2015/04/23 7551.789 7613.135 7463.607 7579.801 192739616.00 264637104128.00
2015/04/24 7469.164 7608.561 7409.647 7574.839 172098480.00 243038633984.00
2015/04/27 7628.635 7723.897 7581.044 7689.128 175331712.00 247594598400.00
2015/04/28 7689.216 7695.329 7398.911 7474.305 182628992.00 253103570944.00
2015/04/29 7441.731 7626.055 7391.756 7597.862 134949136.00 188570435584.00
2015/04/30 7608.076 7691.725 7588.027 7588.027 138123840.00 199448248320.00
2015/05/04 7588.349 7672.491 7498.750 7663.529 133873320.00 186342588416.00
2015/05/05 7666.306 7666.306 7304.804 7339.396 141058192.00 188445425664.00
2015/05/06 7353.331 7447.695 7115.232 7192.270 117190944.00 157004398592.00
2015/05/07 7150.725 7189.583 6981.804 6989.307 104765200.00 135840432128.00
2015/05/08 7056.037 7222.202 7029.877 7221.345 106397616.00 143490744320.00
2015/05/11 7299.374 7532.667 7242.027 7531.314 132570776.00 190020698112.00
2015/05/12 7581.579 7730.539 7552.029 7729.113 149039424.00 219981168640.00
2015/05/13 7722.033 7845.698 7657.162 7765.312 157548496.00 237649149952.00
2015/05/14 7756.516 7802.468 7668.532 7784.449 136159360.00 199955333120.00
2015/05/15 7758.703 7775.214 7589.551 7692.430 125896280.00 191526584320.00
2015/05/18 7653.130 7830.049 7619.380 7776.853 116413384.00 181324742656.00
2015/05/19 7789.728 7980.838 7788.779 7979.655 125564232.00 190714216448.00
2015/05/20 8014.411 8213.468 8010.434 8088.396 160420288.00 246218686464.00
2015/05/21 8114.346 8341.738 8088.344 8340.000 155476384.00 243104759808.00
2015/05/22 8451.246 8526.508 8295.646 8520.567 195446704.00 295383662592.00
2015/05/25 8502.077 8843.773 8475.307 8842.103 213043440.00 328348762112.00
2015/05/26 8920.588 9117.634 8813.901 9117.462 218268720.00 345310429184.00
2015/05/27 9169.550 9315.460 8986.540 9286.490 216360944.00 351491391488.00
2015/05/28 9307.860 9433.600 8688.300 8697.680 250653584.00 393084829696.00
2015/05/29 8663.483 8933.140 8278.414 8773.780 189242752.00 288919945216.00
2015/06/01 8846.309 9263.809 8844.588 9262.298 175255616.00 279678681088.00
2015/06/02 9349.260 9584.190 9277.450 9582.150 198941696.00 322879520768.00
2015/06/03 9633.200 9672.390 9342.410 9590.930 189621776.00 317369188352.00
2015/06/04 9600.920 9643.200 8952.320 9610.940 190665120.00 309641478144.00
2015/06/05 9747.680 9895.350 9574.620 9829.320 232802720.00 382035787776.00
2015/06/08 9856.769 9872.011 9628.620 9795.140 225142480.00 366778580992.00
2015/06/09 9794.380 9857.900 9649.830 9825.620 183587248.00 305868505088.00
2015/06/10 9740.489 10079.590 9609.974 9963.563 175710080.00 303911239680.00
2015/06/11 9957.432 10110.920 9898.283 10108.960 173075248.00 302179516416.00
2015/06/12 10145.640 10307.630 10105.770 10251.380 195325136.00 333284540416.00
2015/06/15 10282.060 10303.980 10049.000 10095.070 175391552.00 310593847296.00
2015/06/16 9968.450 9968.450 9549.190 9636.490 147532848.00 254095228928.00
2015/06/17 9603.370 9865.670 9272.930 9843.270 139571616.00 234905600000.00
2015/06/18 9830.720 9951.410 9540.420 9555.300 130491712.00 221886971904.00
2015/06/19 9303.530 9423.180 8838.340 8850.140 111935488.00 182612639744.00
2015/06/23 8807.410 8928.430 8227.530 8906.490 116822256.00 180627603456.00
2015/06/24 8992.780 9184.760 8878.430 9182.510 139448656.00 225710931968.00
2015/06/25 9212.030 9246.740 8718.750 8840.810 144020800.00 235287986176.00
2015/06/26 8536.150 8563.040 8053.070 8083.650 127020832.00 188714188800.00
2015/06/29 8274.360 8291.160 7396.810 7568.370 156507856.00 219719761920.00
2015/06/30 7406.290 7976.380 6997.450 7971.070 165909248.00 226830385152.00
2015/07/01 7874.560 8135.170 7456.690 7471.350 143487232.00 208199254016.00
2015/07/02 7450.160 7497.080 6876.900 6922.010 129363752.00 169858580480.00
2015/07/03 6630.260 6983.980 6354.530 6438.230 129705248.00 153366052864.00
2015/07/06 6909.380 6909.380 5999.040 6234.730 177328992.00 197516722176.00
2015/07/07 5972.010 6022.180 5771.970 5790.620 107984304.00 106189684736.00
2015/07/08 5450.010 5603.540 5448.000 5487.500 139920944.00 141481410560.00
2015/07/09 5359.130 5782.950 5359.130 5781.880 110461656.00 105671360512.00
2015/07/10 5958.130 6128.850 5939.450 6127.290 78066320.00 86295003136.00
2015/07/13 6467.330 6603.220 6398.400 6599.590 121904960.00 145532420096.00
2015/07/14 6765.880 6985.220 6677.730 6762.890 158463408.00 201465315328.00
2015/07/15 6738.150 6741.520 6288.450 6299.780 162001504.00 187426914304.00
2015/07/16 6163.090 6591.380 5969.410 6442.650 128393880.00 147940737024.00
2015/07/17 6481.520 6887.060 6474.560 6837.650 128206528.00 158598365184.00
2015/07/20 6863.210 7076.760 6787.710 6981.600 154600448.00 198691389440.00
2015/07/21 6882.360 7162.610 6803.860 7107.340 141833616.00 184662097920.00
2015/07/22 7098.500 7238.450 6959.800 7205.000 151345152.00 201346351104.00
2015/07/23 7207.290 7444.560 7179.020 7418.720 155721216.00 209337024512.00
2015/07/24 7431.790 7549.940 7221.790 7304.000 177845680.00 243849822208.00
2015/07/27 7118.120 7341.250 6693.810 6701.600 151524480.00 202876796928.00
2015/07/28 6381.270 6778.090 6185.960 6510.510 149990240.00 184831393792.00
2015/07/29 6616.480 6876.990 6376.090 6874.240 116680032.00 149207941120.00
2015/07/30 6843.600 7033.090 6658.880 6715.740 130472112.00 173619150848.00
2015/07/31 6605.010 6755.750 6493.460 6587.390 94733144.00 124109004800.00
2015/08/03 6485.110 6532.380 6226.320 6370.490 96035168.00 116189306880.00
2015/08/04 6385.570 6759.790 6371.660 6759.740 105575288.00 129642004480.00
2015/08/05 6756.420 6871.860 6612.270 6687.950 115172224.00 146198183936.00
2015/08/06 6527.290 6742.240 6501.120 6662.380 83136456.00 106904821760.00
2015/08/07 6734.870 6879.810 6726.360 6879.350 104820000.00 136760098816.00
2015/08/10 6971.370 7292.390 6958.380 7260.340 142137504.00 189780672512.00
2015/08/11 7267.480 7412.190 7217.320 7316.700 158647776.00 216327766016.00
2015/08/12 7218.570 7369.870 7197.730 7248.450 131453112.00 181022359552.00
2015/08/13 7199.910 7468.550 7176.670 7466.650 132941512.00 185750503424.00
2015/08/14 7529.400 7620.500 7449.880 7524.250 150354976.00 214487318528.00
2015/08/17 7497.610 7738.660 7473.650 7738.320 148399888.00 208617799680.00
2015/08/18 7755.210 7763.460 7097.810 7116.390 169079296.00 228414717952.00
2015/08/19 6835.880 7354.600 6664.160 7296.400 148617632.00 192941096960.00
2015/08/20 7200.430 7322.410 7015.290 7016.240 125612560.00 165828018176.00
2015/08/21 6872.200 6981.820 6591.300 6641.890 115367296.00 144147333120.00
2015/08/24 6323.550 6363.090 6076.900 6080.550 78567856.00 89015705600.00
2015/08/25 5611.070 5785.960 5585.120 5592.680 84552008.00 90531946496.00
2015/08/26 5594.740 5795.970 5303.630 5378.550 124218096.00 126011457536.00
2015/08/27 5481.540 5630.780 5283.200 5627.640 102394984.00 104213143552.00
2015/08/28 5715.970 5997.810 5679.290 5995.840 121348384.00 131951157248.00
2015/08/31 5950.640 5950.640 5787.240 5809.650 104802192.00 115362463744.00
2015/09/01 5742.470 5742.470 5434.070 5457.550 94833600.00 92322078720.00
2015/09/02 5187.680 5585.470 5171.400 5367.670 98665832.00 98423447552.00
2015/09/07 5436.800 5610.380 5362.430 5410.290 81253680.00 84560371712.00
2015/09/08 5376.710 5659.720 5310.090 5650.060 73274960.00 75941249024.00
2015/09/09 5689.560 5866.350 5661.650 5813.720 119008304.00 130936717312.00
2015/09/10 5701.850 5829.120 5678.480 5707.860 86596360.00 96105889792.00
2015/09/11 5695.690 5796.120 5667.940 5782.940 80765848.00 91420254208.00
2015/09/14 5839.250 5856.020 5353.020 5378.000 102573904.00 112815341568.00
2015/09/15 5240.510 5359.510 5084.330 5103.850 79728800.00 79307472896.00
2015/09/16 5126.380 5503.230 5112.520 5480.280 88774552.00 90525270016.00
2015/09/17 5464.180 5636.030 5364.100 5365.290 106295392.00 114164940800.00
2015/09/18 5415.350 5474.560 5345.440 5443.330 71877168.00 75279605760.00
2015/09/21 5382.010 5631.520 5363.910 5626.470 82357800.00 89118212096.00
2015/09/22 5633.590 5723.650 5586.750 5665.050 91094992.00 100553728000.00
2015/09/23 5566.510 5656.840 5524.630 5571.640 80898432.00 87720706048.00
2015/09/24 5592.430 5661.570 5567.220 5660.360 76240056.00 81368989696.00
2015/09/25 5635.690 5681.990 5452.660 5494.530 78184888.00 84211392512.00
2015/09/28 5508.470 5572.860 5402.600 5571.640 53044936.00 57536897024.00
2015/09/29 5473.800 5530.760 5422.320 5453.700 52519448.00 55134334976.00
2015/09/30 5487.150 5514.780 5429.130 5470.160 43113476.00 46486642688.00
2015/10/08 5650.850 5719.150 5611.970 5682.130 72898720.00 79071256576.00
2015/10/09 5683.560 5787.420 5666.590 5766.330 79154976.00 85866536960.00
2015/10/12 5797.060 6047.660 5791.200 5981.470 127611776.00 147544489984.00
2015/10/13 5928.260 6059.690 5908.970 6047.900 104506432.00 119722188800.00
2015/10/14 6022.800 6073.320 5958.760 5968.070 98082272.00 113789747200.00
2015/10/15 5946.380 6152.360 5946.370 6151.560 105493200.00 123842060288.00
2015/10/16 6199.420 6275.410 6121.530 6271.100 131884000.00 156035776512.00
2015/10/19 6292.720 6329.950 6182.080 6267.110 134835952.00 160955629568.00
2015/10/20 6250.290 6358.790 6213.950 6358.270 110777760.00 134871678976.00
2015/10/21 6360.060 6381.410 5927.710 5949.340 138107872.00 161679507456.00
2015/10/22 5946.370 6162.700 5924.880 6155.370 102855952.00 123497365504.00
2015/10/23 6192.110 6338.150 6162.920 6312.490 117026424.00 147588792320.00
2015/10/26 6390.620 6402.630 6278.360 6355.900 121147536.00 154546470912.00
2015/10/27 6307.390 6410.850 6116.820 6382.560 109711712.00 137482977280.00
2015/10/28 6350.200 6419.480 6211.690 6234.910 100170808.00 124161990656.00
2015/10/29 6287.860 6361.520 6224.080 6303.080 82461760.00 105405497344.00
2015/10/30 6287.300 6354.980 6194.900 6278.590 78717296.00 101556330496.00
2015/11/02 6167.110 6326.690 6144.120 6168.090 78440008.00 101763162112.00
2015/11/03 6178.990 6212.970 6092.460 6151.300 65373512.00 84960534528.00
2015/11/04 6173.430 6449.400 6173.430 6448.780 108070968.00 138369105920.00
2015/11/05 6449.900 6561.250 6426.410 6484.960 150821776.00 190499782656.00
2015/11/06 6488.220 6627.460 6487.020 6618.880 122129784.00 155903950848.00
2015/11/09 6593.360 6733.740 6530.720 6687.510 139386144.00 179879215104.00
2015/11/10 6650.850 6755.340 6625.380 6701.380 131039568.00 172459442176.00
2015/11/11 6702.650 6772.670 6669.820 6771.020 115247640.00 150816342016.00
2015/11/12 6779.190 6814.120 6679.290 6767.260 118498376.00 158819926016.00
2015/11/13 6695.710 6768.590 6613.710 6684.780 112839696.00 152787550208.00
2015/11/16 6569.500 6801.760 6562.550 6799.820 89993104.00 122994302976.00
2015/11/17 6855.970 6897.090 6747.700 6759.200 120917568.00 165236981760.00
2015/11/18 6765.090 6797.500 6630.210 6653.730 91009480.00 119899004928.00
2015/11/19 6676.520 6797.280 6647.850 6796.010 82295744.00 112824565760.00
2015/11/20 6807.860 6895.910 6797.410 6873.000 108543688.00 147539591168.00
2015/11/23 6881.710 6933.290 6795.130 6825.300 111003544.00 143140257792.00
2015/11/24 6818.920 6857.400 6720.230 6856.260 83917888.00 109109714944.00
2015/11/25 6856.390 6945.220 6851.780 6944.170 91763344.00 128896663552.00
2015/11/26 6969.780 6994.870 6898.300 6911.830 102088688.00 142402256896.00
2015/11/27 6877.630 6896.110 6413.390 6468.820 113725280.00 151964925952.00
2015/11/30 6470.560 6540.400 6154.010 6480.020 93591920.00 122777026560.00
2015/12/01 6475.100 6566.130 6429.020 6507.030 78238064.00 105130483712.00
2015/12/02 6495.100 6511.040 6314.320 6505.170 73723816.00 93657497600.00
2015/12/03 6509.250 6628.660 6507.060 6627.000 66622960.00 87575748608.00
2015/12/04 6596.120 6645.920 6530.800 6573.840 71115064.00 94567718912.00
2015/12/07 6586.050 6647.730 6550.680 6646.620 65980976.00 89763323904.00
2015/12/08 6613.330 6613.330 6472.110 6474.130 68531536.00 93809172480.00
2015/12/09 6447.710 6497.730 6408.650 6456.260 55290196.00 78848114688.00
2015/12/10 6452.050 6511.470 6424.270 6439.850 57235168.00 83164618752.00
2015/12/11 6418.250 6437.570 6358.910 6390.910 50637260.00 69732106240.00
2015/12/14 6334.980 6527.370 6323.770 6525.670 52331752.00 71297024000.00
2015/12/15 6526.120 6593.000 6525.110 6568.080 54323896.00 77720002560.00
2015/12/16 6585.400 6621.470 6563.820 6585.480 55122588.00 79275098112.00
2015/12/17 6618.900 6743.750 6618.900 6742.810 80632392.00 115579682816.00
2015/12/18 6735.770 6765.340 6686.590 6722.300 71464464.00 104647114752.00
2015/12/21 6710.060 6834.760 6702.030 6825.170 76676824.00 109712875520.00
2015/12/22 6847.200 6870.780 6786.450 6869.910 71932576.00 108159262720.00
2015/12/23 6873.690 6895.640 6791.080 6804.830 77291976.00 116160249856.00
2015/12/24 6797.880 6815.510 6690.320 6790.480 59470700.00 86969294848.00
2015/12/25 6797.800 6844.160 6786.600 6832.310 54886576.00 79462785024.00
2015/12/28 6857.150 6881.500 6680.230 6680.400 78166936.00 114945097728.00
2015/12/29 6669.140 6753.060 6633.160 6751.210 55413452.00 80227401728.00
2015/12/30 6766.880 6807.000 6736.090 6802.830 58446104.00 89171435520.00
2015/12/31 6801.590 6821.940 6710.990 6712.760 53478480.00 81054031872.00
2016/01/04 6706.610 6715.840 6160.460 6160.650 52092800.00 71831306240.00
2016/01/05 5902.010 6215.730 5875.790 6114.550 75683480.00 97530068992.00
2016/01/06 6136.340 6270.990 6116.810 6269.700 67255880.00 85078417408.00
2016/01/07 6160.510 6160.510 5733.620 5740.390 20767604.00 23702327296.00
2016/01/08 5888.480 5945.220 5555.720 5847.360 77504384.00 91109564416.00
2016/01/11 5739.280 5809.450 5450.950 5452.520 79285360.00 86806724608.00
2016/01/12 5452.880 5507.780 5329.670 5445.890 61959228.00 66364416000.00
2016/01/13 5475.680 5534.490 5268.390 5268.390 57953004.00 61569626112.00
2016/01/14 5103.500 5441.000 5090.540 5429.350 62431240.00 64515194880.00
2016/01/15 5387.700 5428.140 5174.190 5212.130 59128108.00 62409048064.00
2016/01/18 5105.590 5336.410 5098.500 5274.120 48105400.00 52345913344.00
2016/01/19 5268.020 5478.740 5261.410 5472.600 57352648.00 63854317568.00
2016/01/20 5444.150 5516.780 5383.340 5432.370 59730592.00 67949506560.00
2016/01/21 5340.060 5462.060 5205.180 5205.750 54017540.00 59784613888.00
2016/01/22 5261.580 5311.030 5129.820 5281.700 45575604.00 49776033792.00
2016/01/25 5315.730 5377.040 5283.330 5344.430 44290288.00 48539090944.00
2016/01/26 5271.960 5284.460 4931.510 4943.740 57707888.00 61997613056.00
2016/01/27 4938.160 4966.990 4645.210 4877.570 58823032.00 60121665536.00
2016/01/28 4805.870 4872.470 4651.000 4657.410 45840424.00 47621218304.00
2016/01/29 4643.720 4857.670 4622.850 4817.770 49397344.00 51634192384.00
2016/02/01 4809.130 4836.330 4682.090 4751.180 44910304.00 47991697408.00
2016/02/02 4757.790 4911.840 4757.790 4905.860 43395920.00 48104230912.00
2016/02/03 4844.450 4935.430 4804.050 4917.510 41753772.00 44474032128.00
2016/02/04 4936.040 5038.060 4936.040 5021.180 49491188.00 54796177408.00
2016/02/05 5028.330 5041.400 4975.920 4978.320 38863472.00 43473850368.00
2016/02/15 4816.390 4998.090 4810.300 4970.690 34720640.00 38642143232.00
2016/02/16 4992.700 5172.910 4992.700 5163.120 54553192.00 60798324736.00
2016/02/17 5152.680 5238.360 5132.090 5232.160 61273992.00 69573369856.00
2016/02/18 5265.800 5286.970 5216.510 5230.380 63155984.00 71766269952.00
2016/02/19 5211.370 5265.900 5192.830 5243.450 46599248.00 55621255168.00
2016/02/22 5306.240 5362.750 5286.540 5354.370 64141484.00 70009610240.00
2016/02/23 5352.320 5365.920 5245.840 5321.150 57366960.00 65132916736.00
2016/02/24 5296.480 5379.290 5247.030 5378.500 63094532.00 71855710208.00
2016/02/25 5363.360 5363.390 4936.990 4961.570 78761960.00 85447319552.00
2016/02/26 5003.220 5036.220 4876.010 4998.460 58141112.00 61915078656.00
2016/02/29 4973.030 4973.030 4680.100 4737.820 59359460.00 60393824256.00
2016/03/01 4745.930 4860.870 4683.120 4836.270 52298288.00 53975887872.00
2016/03/02 4828.830 5084.440 4825.770 5076.920 71748864.00 73251110912.00
2016/03/03 5079.590 5169.870 5069.830 5099.050 77370968.00 79629582336.00
2016/03/04 5081.700 5118.400 4889.850 4961.910 68015648.00 69068341248.00
2016/03/07 5015.200 5097.070 5014.430 5083.410 58485340.00 57789423616.00
2016/03/08 5086.680 5096.710 4904.430 5096.380 66450536.00 65886396416.00
2016/03/09 4977.670 5035.330 4937.130 4961.950 48447428.00 49035558912.00
2016/03/10 4967.830 5001.570 4881.320 4887.910 41100464.00 43644997632.00
2016/03/11 4844.700 4909.370 4818.580 4880.480 34457456.00 36336693248.00
2016/03/14 4930.510 5083.390 4930.510 5034.450 53762744.00 59486969856.00
2016/03/15 5019.960 5038.100 4961.410 5007.340 42128100.00 47125192704.00
2016/03/16 5015.950 5035.960 4908.070 4935.830 36101324.00 40125624320.00
2016/03/17 4954.510 5089.970 4946.500 5075.910 53029320.00 60273377280.00
2016/03/18 5097.110 5254.060 5095.160 5240.510 80142376.00 92484599808.00
2016/03/21 5295.040 5376.600 5286.460 5375.660 87265784.00 100981669888.00
2016/03/22 5335.210 5392.940 5303.570 5348.950 70513504.00 88402681856.00
2016/03/23 5326.750 5386.570 5313.090 5386.190 59279516.00 76268797952.00
2016/03/24 5338.740 5386.230 5291.490 5297.310 64666816.00 83372785664.00
2016/03/25 5290.370 5355.170 5278.070 5354.510 48793900.00 62335053824.00
2016/03/28 5386.510 5426.760 5305.280 5323.740 59746768.00 75803770880.00
2016/03/29 5317.330 5327.160 5188.220 5228.630 54303916.00 63495290880.00
2016/03/30 5274.450 5409.490 5274.450 5408.370 63021880.00 75132690432.00
2016/03/31 5428.260 5468.980 5402.200 5422.170 66549336.00 81606500352.00
2016/04/01 5401.060 5425.750 5313.270 5400.070 59949064.00 68111560704.00
2016/04/05 5405.980 5537.590 5388.930 5533.400 71943896.00 85714083840.00
2016/04/06 5508.570 5553.920 5488.700 5552.650 68582648.00 83191275520.00
2016/04/07 5562.620 5572.160 5465.420 5466.270 69511288.00 82598100992.00
2016/04/08 5419.250 5437.980 5348.450 5415.190 56850580.00 67676168192.00
2016/04/11 5455.150 5549.150 5455.150 5525.040 67537552.00 82100985856.00
2016/04/12 5515.730 5529.210 5424.040 5483.860 57045872.00 70358474752.00
2016/04/13 5515.510 5625.780 5515.510 5559.920 88788192.00 101242380288.00
2016/04/14 5585.000 5613.680 5548.020 5612.380 62905700.00 75256782848.00
2016/04/15 5613.170 5624.930 5570.450 5603.690 56640920.00 69238808576.00
2016/04/18 5566.410 5566.410 5473.240 5506.200 55255068.00 65095335936.00
2016/04/19 5529.000 5546.520 5484.820 5529.780 48381732.00 59180478464.00
2016/04/20 5549.050 5561.250 5191.960 5286.200 80074720.00 93768368128.00
2016/04/21 5264.560 5344.150 5236.340 5248.600 56974120.00 65583329280.00
2016/04/22 5210.810 5273.990 5189.920 5272.350 40611228.00 45873901568.00
2016/04/25 5258.560 5268.070 5178.490 5251.060 39757612.00 46319853568.00
2016/04/26 5243.070 5303.580 5225.530 5303.270 36205952.00 43213918208.00
2016/04/27 5303.680 5334.340 5262.980 5273.080 39568452.00 47904804864.00
2016/04/28 5268.930 5280.430 5167.740 5248.100 41753388.00 48828563456.00
2016/04/29 5225.410 5270.160 5213.540 5244.970 31904930.00 39102709760.00
2016/05/03 5252.640 5395.410 5224.920 5394.540 50003100.00 61498413056.00
2016/05/04 5375.210 5433.720 5365.360 5400.680 47047940.00 59009024000.00
2016/05/05 5394.300 5428.580 5367.880 5427.450 40567120.00 51798704128.00
2016/05/06 5430.840 5446.210 5212.640 5212.650 60108432.00 73049128960.00
2016/05/10 5009.160 5043.470 4988.670 5023.270 31494232.00 36069265408.00
2016/05/11 5047.550 5079.490 4987.850 5017.720 35092876.00 42771734528.00
2016/05/12 4954.150 5009.240 4870.200 5007.660 37106808.00 41644490752.00
2016/05/13 4992.990 5053.890 4958.490 4992.250 32626628.00 37590175744.00
2016/05/16 4973.590 5065.760 4939.860 5064.760 34375792.00 40093159424.00
2016/05/17 5067.200 5089.480 5019.270 5041.370 37408656.00 44835631104.00
2016/05/18 5003.220 5003.390 4853.870 4909.380 38513676.00 43524190208.00
2016/05/19 4910.100 4987.490 4910.100 4929.190 33089484.00 37464903680.00
2016/05/20 4892.070 4984.140 4873.020 4983.360 33908980.00 39293280256.00
2016/05/23 4990.990 5044.460 4990.990 5044.050 37456816.00 44855529472.00
2016/05/24 5034.420 5034.930 4954.310 4985.890 34710984.00 38975660032.00
2016/05/25 5013.810 5034.170 4943.530 4963.240 32481580.00 37642063872.00
2016/05/26 4958.170 4982.130 4861.680 4979.680 36204680.00 40235118592.00
2016/05/27 4970.240 5011.110 4953.460 4981.080 33090180.00 38572376064.00
2016/05/30 4956.330 5002.950 4912.620 4964.470 28465594.00 33850423296.00
2016/05/31 4968.180 5158.940 4968.180 5158.620 58349108.00 67887419392.00
2016/06/01 5164.670 5205.870 5154.850 5179.370 56141352.00 68664344576.00
2016/06/02 5175.740 5217.420 5168.510 5216.530 49318528.00 58468315136.00
2016/06/03 5218.660 5254.050 5191.660 5234.020 52204196.00 65319919616.00
2016/06/06 5247.010 5262.660 5212.420 5242.840 43667404.00 56053743616.00
2016/06/07 5241.430 5243.360 5210.100 5241.310 40638512.00 50951090176.00
2016/06/08 5233.910 5244.740 5178.430 5218.530 43402568.00 54198497280.00
2016/06/13 5155.100 5192.530 4993.480 4994.880 50490000.00 62381502464.00
2016/06/14 4976.330 5019.320 4961.510 5014.350 34675780.00 42143735808.00
2016/06/15 4964.700 5179.740 4954.920 5167.850 51760104.00 65912963072.00
2016/06/16 5159.910 5188.090 5133.250 5150.780 54779932.00 72079245312.00
2016/06/17 5157.650 5215.310 5144.170 5184.950 54148580.00 65464987648.00
2016/06/20 5186.480 5211.760 5138.610 5204.960 44392884.00 56206811136.00
2016/06/21 5230.750 5261.890 5133.480 5157.590 50681728.00 64452628480.00
2016/06/22 5144.280 5227.900 5137.250 5227.180 41199848.00 50586505216.00
2016/06/23 5218.270 5226.910 5160.450 5198.590 44379456.00 55069925376.00
2016/06/24 5190.620 5225.890 5015.340 5137.830 58994836.00 70522773504.00
2016/06/27 5103.180 5255.880 5102.510 5255.810 50264672.00 64657199104.00
2016/06/28 5232.660 5303.070 5225.080 5301.150 54734076.00 70123929600.00
2016/06/29 5311.920 5327.610 5294.540 5316.250 56053312.00 67785486336.00
2016/06/30 5323.060 5335.720 5286.760 5310.990 45852332.00 56643125248.00
2016/07/01 5315.770 5341.680 5292.870 5305.990 43031528.00 54586302464.00
2016/07/04 5286.000 5429.250 5282.510 5424.380 65693776.00 78440759296.00
2016/07/05 5432.340 5469.450 5430.190 5461.000 70707984.00 87127400448.00
2016/07/06 5446.530 5498.320 5429.060 5497.180 63401188.00 79252889600.00
2016/07/07 5491.310 5523.880 5456.410 5504.800 68969392.00 90548977664.00
2016/07/08 5491.640 5507.480 5463.210 5475.640 53631768.00 67674796032.00
2016/07/11 5492.380 5556.460 5483.440 5492.140 64673604.00 84591706112.00
2016/07/12 5488.860 5573.880 5446.820 5573.540 74771232.00 91099267072.00
2016/07/13 5583.290 5612.070 5564.990 5605.690 72220624.00 85007949824.00
2016/07/14 5594.920 5605.280 5562.900 5604.110 54603736.00 68407803904.00
2016/07/15 5605.130 5612.430 5567.500 5595.110 51383432.00 64528859136.00
2016/07/18 5582.040 5599.430 5536.110 5566.960 49483900.00 63578836992.00
2016/07/19 5563.390 5576.740 5518.680 5576.510 46080808.00 58985959424.00
2016/07/20 5573.150 5590.120 5548.570 5566.080 42339592.00 54847234048.00
2016/07/21 5564.960 5628.380 5561.920 5598.520 53335096.00 68835311616.00
2016/07/22 5597.200 5606.110 5552.780 5557.420 50682388.00 66104623104.00
2016/07/25 5552.810 5598.770 5542.180 5569.090 46791992.00 59735449600.00
2016/07/26 5569.260 5645.140 5569.260 5644.270 48256640.00 60001869824.00
2016/07/27 5648.270 5672.830 5374.510 5453.050 88126160.00 104123072512.00
2016/07/28 5443.710 5497.300 5400.790 5489.770 59399904.00 71904215040.00
2016/07/29 5484.430 5501.170 5430.070 5446.550 48279056.00 56906764288.00
2016/08/01 5424.040 5424.040 5297.450 5349.880 44854728.00 52872880128.00
2016/08/02 5345.820 5418.030 5345.820 5417.230 37199980.00 43184697344.00
2016/08/03 5406.650 5449.180 5394.100 5448.220 45980160.00 53112524800.00
2016/08/04 5444.370 5477.300 5422.460 5470.920 41071728.00 49181446144.00
2016/08/05 5464.800 5493.290 5448.980 5449.920 42796144.00 50619392000.00
2016/08/08 5441.840 5533.330 5416.890 5532.610 47132712.00 54796017664.00
2016/08/09 5525.780 5583.370 5521.080 5582.630 51965432.00 60060606464.00
2016/08/10 5574.500 5602.650 5555.990 5560.720 50860172.00 58591404032.00
2016/08/11 5548.570 5563.420 5478.420 5479.470 44814120.00 51575824384.00
2016/08/12 5475.550 5542.910 5463.920 5542.610 44473160.00 48238891008.00
2016/08/15 5551.730 5666.020 5537.930 5661.470 74451016.00 82156519424.00
2016/08/16 5665.580 5692.760 5663.110 5676.300 66943152.00 78247649280.00
2016/08/17 5667.860 5697.460 5648.330 5688.900 56820168.00 65523896320.00
2016/08/18 5685.650 5712.980 5660.990 5680.790 63505440.00 71933059072.00
2016/08/19 5673.260 5693.370 5641.660 5683.880 51190544.00 58081083392.00
2016/08/22 5684.150 5691.820 5618.370 5619.980 51974768.00 59218694144.00
2016/08/23 5612.610 5643.720 5585.800 5627.060 44978708.00 50831425536.00
2016/08/24 5630.020 5649.560 5607.990 5626.950 40429360.00 47551528960.00
2016/08/25 5599.070 5599.070 5527.810 5587.900 47237560.00 54044241920.00
2016/08/26 5596.280 5648.540 5595.620 5609.730 43628692.00 52624392192.00
2016/08/29 5610.450 5629.850 5596.180 5617.020 42155064.00 49127395328.00
2016/08/30 5615.880 5644.820 5605.710 5617.810 38984272.00 46604988416.00
2016/08/31 5614.230 5631.430 5590.150 5627.040 36882548.00 43920248832.00
2016/09/01 5625.960 5638.930 5578.670 5579.580 44329584.00 49701048320.00
2016/09/02 5571.800 5595.200 5529.900 5558.170 41730476.00 46372438016.00
2016/09/05 5570.440 5609.420 5566.360 5585.220 39504052.00 45425655808.00
2016/09/06 5584.910 5668.690 5541.390 5667.710 51909032.00 60694601728.00
2016/09/07 5665.890 5703.140 5659.660 5669.520 59133380.00 65287041024.00
2016/09/08 5666.500 5694.190 5658.800 5693.320 48303672.00 55716896768.00
2016/09/09 5691.290 5705.640 5653.510 5653.840 50490384.00 58791501824.00
2016/09/12 5563.740 5582.300 5491.470 5497.640 57927304.00 65420546048.00
2016/09/13 5524.140 5537.600 5490.630 5524.440 42267996.00 49035272192.00
2016/09/14 5495.990 5526.700 5476.590 5494.320 36999296.00 42880569344.00
2016/09/19 5504.420 5556.540 5504.420 5555.930 35048508.00 40893120512.00
2016/09/20 5555.120 5557.370 5534.720 5554.480 36471400.00 41330876416.00
2016/09/21 5553.990 5569.950 5546.350 5554.090 33402412.00 39803359232.00
2016/09/22 5582.320 5601.940 5572.300 5579.690 39131728.00 45510721536.00
2016/09/23 5586.940 5592.120 5561.190 5561.810 39112564.00 46554386432.00
2016/09/26 5553.960 5554.670 5441.890 5446.000 42880656.00 48138670080.00
2016/09/27 5433.850 5484.750 5410.490 5483.930 35274616.00 39491166208.00
2016/09/28 5495.630 5495.630 5465.850 5475.890 28716440.00 33362771968.00
2016/09/29 5482.090 5512.530 5482.090 5487.600 31191774.00 35413098496.00
2016/09/30 5480.460 5514.520 5477.240 5505.960 27457076.00 30950060032.00
2016/10/10 5537.130 5615.150 5526.620 5614.500 45164184.00 52614553600.00
2016/10/11 5617.590 5655.460 5611.120 5654.640 47201192.00 54661881856.00
2016/10/12 5636.860 5650.220 5625.820 5649.460 40419480.00 46727090176.00
2016/10/13 5648.650 5667.300 5639.000 5656.450 42587184.00 49119879168.00
2016/10/14 5649.990 5650.850 5604.810 5646.490 41609388.00 48625729536.00
2016/10/17 5654.590 5664.690 5582.790 5597.120 46219600.00 53848375296.00
2016/10/18 5594.090 5678.170 5594.090 5678.170 48631084.00 55257563136.00
2016/10/19 5686.690 5697.850 5654.010 5672.680 51176536.00 57758494720.00
2016/10/20 5672.800 5682.110 5655.040 5679.110 46794888.00 54430937088.00
2016/10/21 5672.830 5679.650 5608.600 5654.060 49143180.00 54558728192.00
2016/10/24 5653.380 5715.120 5646.930 5708.490 59935476.00 62471065600.00
2016/10/25 5710.110 5731.850 5704.250 5731.290 54833716.00 58630778880.00
2016/10/26 5728.930 5729.290 5683.860 5703.010 50914596.00 58182721536.00
2016/10/27 5696.620 5701.600 5669.870 5697.130 40566652.00 46518607872.00
2016/10/28 5695.700 5712.970 5649.510 5651.460 43278232.00 50607378432.00
2016/10/31 5640.650 5649.730 5608.330 5643.260 39518912.00 47385145344.00
2016/11/01 5649.720 5689.250 5642.640 5688.900 41463988.00 49824509952.00
2016/11/02 5678.720 5689.210 5645.150 5650.240 47479824.00 56089395200.00
2016/11/03 5633.590 5706.850 5630.170 5678.090 53132584.00 60592893952.00
2016/11/04 5675.390 5692.980 5640.960 5651.270 45040336.00 52598747136.00
2016/11/07 5651.860 5680.670 5635.030 5666.390 43861948.00 48212639744.00
2016/11/08 5683.180 5704.590 5670.180 5694.880 45801676.00 51120754688.00
2016/11/09 5693.020 5695.320 5588.160 5652.170 57850620.00 63032139776.00
2016/11/10 5690.930 5728.770 5690.930 5727.080 57152752.00 62584328192.00
2016/11/11 5729.830 5773.370 5721.380 5771.000 73414088.00 79562514432.00
2016/11/14 5757.950 5806.260 5754.810 5803.680 85323648.00 87748075520.00
2016/11/15 5810.700 5822.040 5788.630 5821.220 72066400.00 74903912448.00
2016/11/16 5824.800 5835.130 5803.200 5824.640 67902960.00 70569238528.00
2016/11/17 5816.190 5828.280 5786.170 5822.830 65219780.00 64693985280.00
2016/11/18 5816.390 5828.540 5781.460 5791.320 57190544.00 60153323520.00
2016/11/21 5785.740 5827.780 5785.740 5806.020 58177048.00 63970115584.00
2016/11/22 5818.620 5854.790 5813.610 5853.970 66149940.00 71685365760.00
2016/11/23 5856.950 5864.380 5806.480 5820.470 61765492.00 67829624832.00
2016/11/24 5824.830 5840.700 5795.380 5809.140 60405560.00 65966706688.00
2016/11/25 5806.460 5833.840 5729.630 5833.620 58686584.00 64349483008.00
2016/11/28 5847.440 5866.610 5830.190 5850.150 65159896.00 69893005312.00
2016/11/29 5838.220 5863.300 5812.970 5816.220 69920856.00 75944198144.00
2016/11/30 5799.810 5799.920 5758.590 5775.050 56198984.00 60276654080.00
2016/12/01 5779.570 5808.360 5779.570 5807.310 49654764.00 54299000832.00
2016/12/02 5801.000 5806.540 5710.110 5710.630 54918840.00 59303403520.00
2016/12/05 5655.930 5707.950 5644.730 5676.780 44816456.00 48613171200.00
2016/12/06 5685.870 5703.780 5678.300 5683.790 35117796.00 38936588288.00
2016/12/07 5687.290 5750.740 5678.690 5750.040 40978876.00 45811232768.00
2016/12/08 5754.710 5758.690 5718.520 5723.370 39057012.00 45020680192.00
2016/12/09 5716.950 5736.380 5705.480 5718.730 40230592.00 47227936768.00
2016/12/12 5719.930 5724.370 5481.140 5489.630 61025900.00 67639377920.00
2016/12/13 5476.670 5530.180 5443.260 5522.680 40473784.00 45347778560.00
2016/12/14 5515.200 5551.640 5479.110 5501.190 43954252.00 49584480256.00
2016/12/15 5481.370 5555.070 5476.170 5527.640 39963076.00 44357705728.00
2016/12/16 5525.450 5564.020 5520.860 5560.880 36296616.00 40677568512.00
2016/12/19 5559.300 5578.710 5543.660 5575.100 37615900.00 41846140928.00
2016/12/20 5570.310 5570.800 5527.330 5551.380 36687960.00 38283980800.00
2016/12/21 5556.270 5610.540 5556.270 5609.330 41607656.00 44929359872.00
2016/12/22 5603.320 5618.730 5584.870 5611.870 40420040.00 42495381504.00
2016/12/23 5607.270 5608.120 5545.170 5549.400 36232584.00 41012977664.00
2016/12/26 5532.780 5561.790 5476.440 5561.310 34859040.00 37470208000.00
2016/12/27 5558.000 5578.200 5555.730 5564.940 32646652.00 36150784000.00
2016/12/28 5564.340 5570.680 5533.250 5543.610 30741604.00 34427858944.00
2016/12/29 5536.310 5557.120 5517.270 5529.550 29487072.00 33542610944.00
2016/12/30 5531.070 5551.450 5526.000 5542.390 28884564.00 33244508160.00
