2015/01/05 8122.193 8330.784 8063.127 8261.267 342840448.00 386728132608.00
2015/01/06 8172.268 8344.845 8101.460 8215.575 316284384.00 362658201600.00
2015/01/07 8164.566 8310.231 8131.792 8237.125 242041168.00 296540766208.00
2015/01/08 8257.432 8281.277 7995.526 8012.598 221778896.00 260339597312.00
2015/01/09 7991.234 8354.594 7957.287 8010.613 277261408.00 333401620480.00
2015/01/12 7980.519 8052.182 7800.574 7921.333 205578096.00 255531974656.00
2015/01/13 7906.568 7999.704 7852.412 7897.713 142146304.00 184813846528.00
2015/01/14 7925.242 7991.798 7819.412 7894.156 154686928.00 183095476224.00
2015/01/15 7894.477 8160.993 7848.823 8159.943 191616448.00 241278861312.00
2015/01/16 8194.913 8311.526 8155.997 8235.101 230463232.00 283612577792.00
2015/01/19 7688.360 7877.698 7509.728 7554.286 255357808.00 273652056064.00
2015/01/20 7494.864 7684.735 7451.093 7610.799 237412432.00 295735656448.00
2015/01/21 7668.467 8015.741 7640.175 7989.271 270571616.00 329316827136.00
2015/01/22 7997.464 8042.404 7901.839 8018.950 214563968.00 265236774912.00
2015/01/23 8054.759 8186.860 7993.526 8050.015 223948592.00 276814233600.00
2015/01/26 8053.777 8099.719 7976.995 8093.794 175842128.00 214152511488.00
2015/01/27 8112.634 8120.932 7859.670 8008.752 218007200.00 258703278080.00
2015/01/28 7940.491 8031.658 7867.609 7895.579 163832256.00 201895772160.00
2015/01/29 7775.018 7845.135 7718.875 7779.849 152902000.00 176672620544.00
2015/01/30 7818.703 7860.646 7658.939 7667.462 146736336.00 172454871040.00
2015/02/02 7487.159 7594.040 7458.032 7471.349 150155376.00 165207851008.00
2015/02/03 7551.011 7682.479 7477.754 7668.338 150567584.00 179972292608.00
2015/02/04 7686.572 7764.824 7582.486 7588.214 144196560.00 178378047488.00
2015/02/05 7804.242 7804.431 7505.325 7506.481 197306848.00 232743747584.00
2015/02/06 7469.509 7532.312 7342.640 7405.357 147863904.00 164914266112.00
2015/02/09 7386.146 7571.250 7368.193 7501.475 132629744.00 164972527616.00
2015/02/10 7492.328 7619.819 7472.914 7617.921 122174768.00 145971888128.00
2015/02/11 7637.884 7692.589 7618.858 7666.962 99435240.00 128611336192.00
2015/02/12 7667.262 7708.619 7593.132 7685.663 111980096.00 135946985472.00
2015/02/13 7720.965 7833.603 7698.892 7738.800 149699280.00 174327496704.00
2015/02/16 7741.430 7797.238 7719.078 7780.553 116577072.00 148002390016.00
2015/02/17 7803.100 7870.008 7802.379 7832.568 117280032.00 144319528960.00
2015/02/25 7843.522 7843.522 7695.362 7730.601 118500768.00 142820884480.00
2015/02/26 7715.151 7951.004 7671.007 7941.405 175012512.00 204263178240.00
2015/02/27 7939.378 8002.568 7920.234 7947.054 167447200.00 194083749888.00
2015/03/02 8014.678 8021.496 7923.453 7992.497 175821824.00 223088672768.00
2015/03/03 7940.927 7940.927 7768.348 7776.398 188078192.00 227995058176.00
2015/03/04 7790.756 7838.895 7734.695 7806.007 138044560.00 170726883328.00
2015/03/05 7759.603 7763.982 7645.062 7713.820 155627840.00 186415120384.00
2015/03/06 7722.808 7773.202 7684.173 7700.174 126285096.00 154972209152.00
2015/03/09 7637.446 7875.184 7561.111 7848.195 180777920.00 201679208448.00
2015/03/10 7813.706 7858.416 7767.191 7784.370 137951792.00 164290347008.00
2015/03/11 7798.209 7910.324 7778.941 7807.848 137063216.00 164890656768.00
2015/03/12 7892.218 8033.797 7837.617 7997.225 206369632.00 237556121600.00
2015/03/13 8020.300 8116.963 7986.564 8039.600 188426672.00 217487310848.00
2015/03/16 8091.355 8228.135 8028.945 8226.961 198609216.00 249754271744.00
2015/03/17 8295.996 8356.909 8254.230 8345.501 268328144.00 321101037568.00
2015/03/18 8369.188 8539.240 8356.558 8539.165 289279168.00 334567735296.00
2015/03/19 8543.242 8573.307 8461.846 8526.036 278520544.00 323142975488.00
2015/03/20 8561.599 8723.323 8505.595 8661.594 294959456.00 393034498048.00
2015/03/23 8729.654 8831.441 8721.029 8828.092 284488704.00 368511320064.00
2015/03/24 8840.159 8863.715 8623.284 8802.963 331958240.00 403784466432.00
2015/03/25 8776.329 8810.655 8653.467 8709.443 274230272.00 343740874752.00
2015/03/26 8667.329 8850.847 8608.107 8758.979 253679984.00 329548824576.00
2015/03/27 8773.257 8849.449 8705.174 8789.115 226229360.00 282382991360.00
2015/03/30 8858.094 9097.358 8849.882 9068.809 321289408.00 395074895872.00
2015/03/31 9190.283 9254.486 8941.844 8972.903 323024448.00 426205675520.00
2015/04/01 8985.453 9153.190 8959.183 9121.644 234892048.00 322198110208.00
2015/04/02 9180.693 9193.198 8975.056 9090.195 230373776.00 312844877824.00
2015/04/03 9047.064 9195.301 9021.826 9193.972 218503808.00 310036660224.00
2015/04/07 9297.473 9396.353 9247.932 9394.634 292715648.00 386301394944.00
2015/04/08 9438.134 9540.681 9310.366 9518.866 332174848.00 463519416320.00
2015/04/09 9569.900 9648.985 9375.580 9450.583 320359296.00 465114038272.00
2015/04/10 9428.257 9637.861 9383.513 9620.952 255632480.00 362279698432.00
2015/04/13 9749.398 9826.288 9677.894 9800.327 321475136.00 421081022464.00
2015/04/14 9833.298 9926.901 9735.682 9864.250 321118176.00 434244648960.00
2015/04/15 9876.806 10009.690 9781.929 9786.627 350357664.00 431492235264.00
2015/04/16 9735.315 10118.890 9686.585 10117.990 320938432.00 414155767808.00
2015/04/17 10280.730 10406.450 10225.520 10321.260 409704768.00 533864677376.00
2015/04/20 10389.560 10510.300 10074.940 10149.950 508913472.00 699392589824.00
2015/04/21 10141.740 10320.380 10067.450 10315.710 348176000.00 485350866944.00
2015/04/22 10335.740 10590.190 10303.230 10586.670 372474592.00 564544536576.00
2015/04/23 10630.920 10657.630 10457.290 10561.820 344111456.00 527763144704.00
2015/04/24 10421.840 10521.220 10268.990 10469.980 335372576.00 514569043968.00
2015/04/27 10594.290 10750.970 10565.580 10741.180 372926656.00 562340233216.00
2015/04/28 10737.830 10863.080 10529.900 10619.610 464275136.00 643740073984.00
2015/04/29 10571.520 10726.930 10501.910 10669.300 286266784.00 428535447552.00
2015/04/30 10699.220 10771.280 10606.080 10608.550 292061248.00 438707716096.00
2015/05/04 10619.920 10709.930 10480.690 10704.890 269929088.00 409559433216.00
2015/05/05 10702.100 10711.800 10237.650 10290.410 335239392.00 488411561984.00
2015/05/06 10361.580 10536.740 10108.980 10207.290 276111808.00 436525563904.00
2015/05/07 10125.330 10177.080 9993.000 9998.623 211846688.00 302448377856.00
2015/05/08 10100.930 10156.010 9901.259 10153.940 213620960.00 308072120320.00
2015/05/11 10193.800 10418.370 10082.200 10416.620 262938208.00 392576598016.00
2015/05/12 10412.010 10538.960 10337.400 10537.200 268905632.00 416823803904.00
2015/05/13 10542.310 10556.430 10356.400 10435.500 250984128.00 387322806272.00
2015/05/14 10423.990 10453.630 10313.120 10382.970 215605792.00 321376387072.00
2015/05/15 10364.430 10364.430 10155.850 10210.980 221617200.00 333684604928.00
2015/05/18 10128.830 10193.880 10053.060 10063.430 175333120.00 273244864512.00
2015/05/19 10061.070 10432.300 10060.980 10413.330 210938912.00 337802100736.00
2015/05/20 10456.000 10640.800 10406.300 10455.670 239607584.00 376909758464.00
2015/05/21 10487.000 10587.710 10422.590 10584.950 196467776.00 309979414528.00
2015/05/22 10700.830 10879.930 10659.280 10878.020 304426848.00 472881004544.00
2015/05/25 10896.670 11219.770 10896.670 11218.410 317942208.00 511256985600.00
2015/05/26 11316.240 11389.950 11121.670 11389.010 321420160.00 529968955392.00
2015/05/27 11417.970 11441.070 11224.410 11319.840 308294592.00 509902028800.00
2015/05/28 11300.240 11370.650 10549.850 10558.060 362102656.00 561110319104.00
2015/05/29 10566.320 10718.150 10203.810 10535.540 281841440.00 417207975936.00
2015/06/01 10570.560 11041.550 10497.050 11032.470 290869664.00 429836206080.00
2015/06/02 11054.150 11181.330 10945.430 11179.440 285427136.00 436011794432.00
2015/06/03 11194.490 11240.530 10982.370 11152.980 282120032.00 446797381632.00
2015/06/04 11178.880 11309.060 10606.010 11279.930 349322784.00 508240560128.00
2015/06/05 11453.940 11522.570 11106.490 11385.420 389577856.00 590184513536.00
2015/06/08 11470.320 11771.980 11365.270 11741.070 477779008.00 682942267392.00
2015/06/09 11815.510 11815.510 11493.680 11645.690 425634848.00 629632794624.00
2015/06/10 11492.420 11729.310 11392.830 11580.620 305359904.00 487453032448.00
2015/06/11 11573.620 11622.200 11435.230 11548.740 273826976.00 453061476352.00
2015/06/12 11604.130 11644.360 11477.550 11594.230 293945312.00 468005814272.00
2015/06/15 11630.350 11647.350 11305.270 11336.950 331921504.00 519787479040.00
2015/06/16 11224.320 11329.530 10899.520 11009.170 296617920.00 449471873024.00
2015/06/17 11034.650 11198.810 10785.520 11160.420 298595744.00 421896192000.00
2015/06/18 11087.210 11101.060 10690.870 10697.490 275227840.00 390618480640.00
2015/06/19 10526.330 10663.290 10043.730 10051.940 251349120.00 356715560960.00
2015/06/23 10057.260 10357.580 9639.090 10354.090 260768608.00 365789675520.00
2015/06/24 10402.140 10568.660 10257.940 10555.430 295870272.00 414213275648.00
2015/06/25 10615.470 10644.540 10111.270 10187.170 313415840.00 442515357696.00
2015/06/26 9902.290 10108.800 9260.370 9399.800 322861408.00 429733347328.00
2015/06/29 9636.660 9651.890 8671.700 9109.730 377641088.00 487505657856.00
2015/06/30 9064.980 9729.010 8768.320 9723.850 389859680.00 499040649216.00
2015/07/01 9574.360 9797.660 9187.350 9225.220 313444992.00 417691140096.00
2015/07/02 9306.310 9364.660 8694.750 8942.170 343501760.00 415388598272.00
2015/07/03 8766.560 9043.100 8242.790 8442.690 316855040.00 370380931072.00
2015/07/06 9172.210 9172.210 8433.930 8789.120 516899904.00 585051275264.00
2015/07/07 8547.860 8814.590 8270.840 8774.690 531490848.00 608578568192.00
2015/07/08 8118.750 8463.130 8009.320 8138.830 486861952.00 511852609536.00
2015/07/09 8036.310 8773.310 7807.500 8672.120 414249184.00 443095449600.00
2015/07/10 8673.230 9326.420 8598.020 9115.340 416611808.00 491200774144.00
2015/07/13 9127.050 9440.060 8988.410 9261.120 395238656.00 480095502336.00
2015/07/14 9166.780 9317.630 8886.440 9018.660 356057152.00 435559694336.00
2015/07/15 8895.230 9016.660 8569.210 8765.350 313371424.00 362955440128.00
2015/07/16 8735.950 8941.970 8541.210 8794.870 244853696.00 285407379456.00
2015/07/17 8843.020 9176.620 8774.200 9090.030 240431488.00 298287333376.00
2015/07/20 9085.000 9206.130 8984.550 9086.510 253042496.00 325619941376.00
2015/07/21 8984.880 9168.240 8929.130 9086.910 233738576.00 295679655936.00
2015/07/22 9043.740 9116.740 8934.330 9053.950 231062544.00 297336537088.00
2015/07/23 9058.120 9292.350 9043.440 9265.570 257085760.00 332985663488.00
2015/07/24 9275.180 9378.270 9077.730 9122.470 286612960.00 371259080704.00
2015/07/27 8958.980 9073.050 8323.070 8327.940 272332256.00 335571353600.00
2015/07/28 8061.150 8463.860 7942.530 8300.940 279564960.00 333348503552.00
2015/07/29 8357.250 8550.940 8213.460 8540.120 204817632.00 262753206272.00
2015/07/30 8507.200 8623.420 8273.250 8310.860 201244576.00 268961579008.00
2015/07/31 8232.590 8390.280 8166.600 8282.520 163862656.00 209115004928.00
2015/08/03 8175.010 8301.360 8126.930 8300.820 182722816.00 217401622528.00
2015/08/04 8287.570 8550.470 8242.510 8549.370 157988224.00 198202015744.00
2015/08/05 8528.590 8576.310 8356.500 8373.450 146489856.00 190473273344.00
2015/08/06 8232.790 8425.910 8211.740 8302.080 107593360.00 138568679424.00
2015/08/07 8375.260 8506.390 8353.330 8456.560 131203728.00 170293821440.00
2015/08/10 8553.160 8897.980 8520.490 8862.100 227933424.00 286533615616.00
2015/08/11 8854.720 8899.430 8754.780 8807.610 235270208.00 294579142656.00
2015/08/12 8712.540 8829.340 8692.670 8704.700 189035472.00 245898706944.00
2015/08/13 8690.420 8822.730 8588.500 8820.450 177559008.00 229907890176.00
2015/08/14 8862.580 8896.840 8778.090 8819.810 183893424.00 243706724352.00
2015/08/17 8780.680 8831.930 8673.480 8820.360 178131504.00 232075952128.00
2015/08/18 8829.980 8865.330 8253.810 8263.700 223522512.00 289454489600.00
2015/08/19 8105.130 8408.180 7926.670 8386.940 193349488.00 235626233856.00
2015/08/20 8305.800 8370.690 8114.190 8115.430 148879984.00 187052376064.00
2015/08/21 8026.200 8121.760 7734.990 7770.590 156593760.00 185184698368.00
2015/08/24 7476.970 7513.080 7045.510 7069.280 192226688.00 196236017664.00
2015/08/25 6637.810 6925.890 6498.150 6558.720 202900592.00 195370844160.00
2015/08/26 6601.830 6891.550 6360.080 6546.770 226785264.00 216897847296.00
2015/08/27 6694.200 6978.470 6581.640 6975.330 199190480.00 196603019264.00
2015/08/28 7065.100 7277.980 7010.910 7256.640 211154752.00 220096610304.00
2015/08/31 7182.470 7341.060 6960.830 7334.360 200012736.00 211723272192.00
2015/09/01 7178.260 7362.160 6964.140 7337.420 258645968.00 245945630720.00
2015/09/02 7035.070 7385.400 7017.950 7345.990 259351968.00 242892193792.00
2015/09/07 7291.100 7439.820 7050.240 7075.440 145201184.00 145761828864.00
2015/09/08 7016.970 7274.090 6913.780 7260.380 110298072.00 113386676224.00
2015/09/09 7289.640 7445.160 7253.550 7388.280 152010112.00 167878787072.00
2015/09/10 7287.270 7401.050 7260.500 7335.180 104392384.00 114167128064.00
2015/09/11 7314.650 7383.280 7244.740 7310.290 77407592.00 87264927744.00
2015/09/14 7354.200 7369.140 7021.160 7304.830 156652080.00 168471363584.00
2015/09/15 7136.230 7182.830 6976.660 7031.600 100938032.00 99398402048.00
2015/09/16 7005.480 7427.310 6961.760 7332.040 110185456.00 113253146624.00
2015/09/17 7277.410 7418.640 7166.530 7167.780 117559792.00 125507043328.00
2015/09/18 7199.620 7260.700 7143.390 7186.650 73005064.00 76979339264.00
2015/09/21 7126.910 7295.330 7100.560 7282.290 81054952.00 90697547776.00
2015/09/22 7288.290 7420.470 7267.130 7351.100 97263944.00 109447913472.00
2015/09/23 7244.270 7289.860 7150.390 7164.630 78087584.00 85070643200.00
2015/09/24 7198.640 7242.220 7145.610 7208.590 65965560.00 73452150784.00
2015/09/25 7187.530 7224.440 7048.220 7125.870 80548816.00 83544326144.00
2015/09/28 7102.570 7133.050 7013.740 7119.290 48728292.00 51826311168.00
2015/09/29 7018.190 7040.360 6936.110 6976.290 57528640.00 59206545408.00
2015/09/30 7011.620 7080.070 7004.000 7030.860 52121920.00 58085822464.00
2015/10/08 7299.470 7309.450 7211.110 7216.040 86494672.00 100696006656.00
2015/10/09 7235.840 7339.850 7215.870 7314.600 80854232.00 90174390272.00
2015/10/12 7334.120 7619.390 7325.250 7531.190 145565056.00 164619042816.00
2015/10/13 7478.510 7535.660 7457.020 7522.680 95946792.00 109031751680.00
2015/10/14 7491.780 7559.250 7442.930 7449.190 102053312.00 111124185088.00
2015/10/15 7442.780 7608.380 7439.940 7608.290 111047344.00 127107260416.00
2015/10/16 7651.740 7722.360 7613.710 7715.510 140754880.00 164553342976.00
2015/10/19 7741.550 7795.090 7645.690 7709.480 131340720.00 158291591168.00
2015/10/20 7692.940 7790.730 7647.990 7789.030 111722528.00 132578582528.00
2015/10/21 7797.540 7860.860 7479.890 7639.770 193415856.00 209953423360.00
2015/10/22 7576.170 7720.150 7545.770 7706.080 123036248.00 137913876480.00
2015/10/23 7727.170 7799.120 7675.350 7776.890 121697448.00 146202624000.00
2015/10/26 7862.970 7886.520 7763.440 7812.250 131724976.00 160797999104.00
2015/10/27 7776.050 7827.290 7613.960 7819.510 113581152.00 142665547776.00
2015/10/28 7777.080 7810.500 7659.510 7671.740 98469328.00 120046665728.00
2015/10/29 7699.930 7736.970 7637.580 7679.510 72345168.00 88593948672.00
2015/10/30 7675.000 7767.350 7620.320 7685.710 84556376.00 105359695872.00
2015/11/02 7597.690 7689.420 7557.320 7558.610 75352344.00 90068140032.00
2015/11/03 7576.890 7610.790 7511.190 7533.990 62521600.00 75069366272.00
2015/11/04 7555.010 7871.780 7555.010 7871.700 132730424.00 161119830016.00
2015/11/05 7871.270 8242.110 7863.350 8061.530 277125088.00 331931680768.00
2015/11/06 8038.470 8253.230 8026.640 8233.520 201447568.00 249940017152.00
2015/11/09 8244.520 8484.930 8244.520 8339.010 247982816.00 302011875328.00
2015/11/10 8259.080 8414.980 8243.110 8316.150 191093536.00 240781262848.00
2015/11/11 8303.460 8319.360 8187.640 8293.770 146083456.00 184885067776.00
2015/11/12 8309.460 8312.670 8167.250 8206.860 135124480.00 174423244800.00
2015/11/13 8130.130 8216.260 8084.640 8113.320 131345440.00 172151570432.00
2015/11/16 7979.820 8130.510 7972.950 8129.410 103798544.00 133745999872.00
2015/11/17 8182.530 8333.460 8119.210 8132.620 157333664.00 212275331072.00
2015/11/18 8138.650 8173.530 8041.800 8063.910 123141360.00 157598318592.00
2015/11/19 8081.360 8174.230 8054.070 8172.480 93380872.00 116965285888.00
2015/11/20 8179.300 8221.700 8140.290 8174.140 111313680.00 140636307456.00
2015/11/23 8178.170 8234.490 8111.960 8132.850 106421872.00 138604101632.00
2015/11/24 8110.990 8122.350 8014.530 8117.410 89134784.00 110814994432.00
2015/11/25 8103.130 8171.750 8077.470 8170.490 94828952.00 124182487040.00
2015/11/26 8201.450 8228.160 8128.810 8133.660 109730592.00 144168747008.00
2015/11/27 8092.540 8097.330 7666.190 7716.340 133018800.00 161850081280.00
2015/11/30 7701.120 7770.430 7513.740 7728.440 113932360.00 132024721408.00
2015/12/01 7721.970 7833.790 7665.920 7775.920 94705024.00 111697944576.00
2015/12/02 7762.060 8083.560 7735.280 8071.590 148992960.00 167825424384.00
2015/12/03 8031.720 8139.150 7984.470 8106.670 140250496.00 149309390848.00
2015/12/04 8037.000 8050.950 7904.920 7927.200 99208784.00 111195570176.00
2015/12/07 7937.520 7968.390 7887.640 7942.690 70177360.00 89537617920.00
2015/12/08 7904.120 7904.120 7809.780 7818.590 80881648.00 96914194432.00
2015/12/09 7799.680 7882.710 7794.130 7830.420 75515536.00 92523397120.00
2015/12/10 7826.060 7920.140 7773.740 7790.270 77158744.00 95908651008.00
2015/12/11 7756.060 7792.530 7684.410 7743.890 71920000.00 86255476736.00
2015/12/14 7667.800 7976.150 7660.420 7971.320 103672104.00 127643009024.00
2015/12/15 7961.980 7976.950 7879.910 7905.250 83915864.00 109693624320.00
2015/12/16 7928.310 7950.100 7876.660 7895.420 73230904.00 92093472768.00
2015/12/17 7949.310 8059.440 7937.840 8026.390 112856352.00 140131598336.00
2015/12/18 8021.140 8163.350 8013.740 8051.120 116758504.00 139281465344.00
2015/12/21 8035.320 8303.390 8031.500 8269.430 144339008.00 179397771264.00
2015/12/22 8277.300 8296.430 8208.920 8281.180 112703184.00 146114150400.00
2015/12/23 8286.490 8416.180 8262.200 8279.550 138680048.00 187993636864.00
2015/12/24 8262.160 8285.070 8098.180 8196.030 101408128.00 131526434816.00
2015/12/25 8201.310 8245.510 8167.530 8227.050 73249344.00 95475261440.00
2015/12/28 8246.020 8257.620 7973.490 7973.880 105149968.00 132598120448.00
2015/12/29 7962.680 8044.010 7940.410 8043.140 65678444.00 83775913984.00
2015/12/30 8044.970 8049.140 7954.480 8045.920 65660496.00 84360232960.00
2015/12/31 8033.930 8060.230 7978.330 7995.770 64316456.00 82690793472.00
2016/01/04 7986.390 7986.390 7458.010 7458.310 74610664.00 87467270144.00
2016/01/05 7288.950 7566.860 7271.070 7488.680 104729472.00 117064024064.00
2016/01/06 7487.960 7622.970 7467.230 7614.230 89554840.00 96623206400.00
2016/01/07 7487.880 7487.880 7083.310 7107.530 26649612.00 28107186176.00
2016/01/08 7267.250 7373.580 6992.100 7252.160 120633792.00 126358388736.00
2016/01/11 7125.080 7206.920 6891.430 6892.280 114106176.00 115923779584.00
2016/01/12 6938.670 6991.130 6850.000 6928.550 85275952.00 87715831808.00
2016/01/13 6985.810 7010.380 6797.000 6798.350 77250816.00 79673319424.00
2016/01/14 6625.640 6925.840 6611.860 6912.070 87371344.00 85733482496.00
2016/01/15 6868.780 6903.670 6652.720 6693.440 79667632.00 78226120704.00
2016/01/18 6583.840 6783.770 6579.930 6707.410 64574360.00 63329447936.00
2016/01/19 6718.840 6921.190 6683.390 6907.890 83685168.00 85035139072.00
2016/01/20 6868.580 6911.340 6759.980 6801.240 90814496.00 89679159296.00
2016/01/21 6723.530 6864.450 6608.630 6609.500 76658848.00 75293360128.00
2016/01/22 6680.770 6719.550 6553.300 6679.460 60269056.00 58758758400.00
2016/01/25 6708.650 6742.640 6648.050 6702.840 54301672.00 51750846464.00
2016/01/26 6639.900 6654.240 6282.880 6300.650 86567816.00 79530696704.00
2016/01/27 6325.900 6352.130 6092.350 6271.820 89101888.00 77654982656.00
2016/01/28 6231.500 6297.160 6077.510 6107.380 67798928.00 59742318592.00
2016/01/29 6113.620 6350.710 6112.600 6308.480 79214528.00 69723291648.00
2016/02/01 6295.270 6303.690 6129.160 6198.530 61830832.00 53426712576.00
2016/02/02 6195.370 6344.120 6195.200 6321.240 63164184.00 56170516480.00
2016/02/03 6255.940 6297.600 6205.920 6286.300 55696392.00 48033779712.00
2016/02/04 6316.370 6396.060 6316.000 6368.620 64106652.00 57154682880.00
2016/02/05 6363.370 6385.570 6331.250 6334.760 53529440.00 48364593152.00
2016/02/15 6173.600 6324.820 6166.550 6293.580 50312656.00 43709595648.00
2016/02/16 6323.670 6493.350 6323.450 6483.040 77891912.00 68788822016.00
2016/02/17 6469.200 6538.870 6456.840 6533.110 83261320.00 74147397632.00
2016/02/18 6566.020 6597.100 6507.350 6514.470 82250600.00 73609306112.00
2016/02/19 6501.860 6532.360 6463.970 6504.480 58155968.00 51908128768.00
2016/02/22 6571.880 6681.970 6545.140 6654.060 95426096.00 85690408960.00
2016/02/23 6647.640 6648.290 6523.530 6583.580 74141216.00 66422726656.00
2016/02/24 6557.420 6642.230 6524.230 6641.500 76847576.00 68711538688.00
2016/02/25 6630.030 6630.120 6215.890 6242.830 109125400.00 95925100544.00
2016/02/26 6291.400 6343.900 6211.940 6309.570 69555680.00 60802011136.00
2016/02/29 6294.130 6295.890 6051.990 6205.370 86579712.00 73920241664.00
2016/03/01 6210.220 6352.170 6166.850 6307.660 75802872.00 67805413376.00
2016/03/02 6319.580 6572.290 6316.520 6564.600 120141856.00 105834676224.00
2016/03/03 6564.070 6621.020 6539.230 6597.600 120418648.00 108164120576.00
2016/03/04 6572.920 6755.830 6550.360 6732.390 164930928.00 146950782976.00
2016/03/07 6752.000 6797.330 6686.520 6731.550 93804928.00 85945483264.00
2016/03/08 6718.660 6746.070 6498.310 6739.960 95040648.00 83068248064.00
2016/03/09 6599.250 6687.800 6531.360 6685.500 80546960.00 71503003648.00
2016/03/10 6632.140 6668.900 6526.130 6528.730 51570256.00 47891349504.00
2016/03/11 6477.810 6554.160 6459.720 6547.410 52909836.00 50416566272.00
2016/03/14 6586.510 6725.130 6567.150 6621.860 80662256.00 77843169280.00
2016/03/15 6613.300 6671.670 6536.860 6663.600 70982464.00 67973435392.00
2016/03/16 6636.390 6756.860 6628.160 6741.320 102609968.00 98458886144.00
2016/03/17 6749.250 6837.890 6692.370 6775.960 85688632.00 86337888256.00
2016/03/18 6804.200 6912.960 6784.750 6846.880 141506624.00 135679778816.00
2016/03/21 6909.400 7068.310 6897.930 7015.620 166996320.00 170007347200.00
2016/03/22 6976.910 7014.060 6944.320 6962.020 115061840.00 125499031552.00
2016/03/23 6945.330 6996.180 6909.730 6970.720 87836480.00 96998432768.00
2016/03/24 6919.470 6930.060 6848.800 6849.540 93986712.00 98639224832.00
2016/03/25 6842.560 6899.790 6835.220 6885.920 67111160.00 69553700864.00
2016/03/28 6901.830 6950.420 6795.050 6814.270 71585312.00 75899879424.00
2016/03/29 6820.520 6836.380 6723.490 6748.330 67412448.00 69874892800.00
2016/03/30 6805.060 6920.660 6804.900 6916.930 83232000.00 85103386624.00
2016/03/31 6943.380 6972.240 6897.880 6921.880 85730880.00 90745372672.00
2016/04/01 6915.130 6953.300 6814.340 6952.410 86200272.00 82002722816.00
2016/04/05 6918.810 7042.160 6901.450 7023.800 104908552.00 102712590336.00
2016/04/06 6989.140 7023.490 6953.020 6996.090 85687568.00 83883532288.00
2016/04/07 7016.230 7023.690 6891.370 6894.070 75076928.00 74654023680.00
2016/04/08 6850.580 6869.950 6801.330 6844.670 68610904.00 67757355008.00
2016/04/11 6904.880 6988.820 6904.880 6938.480 84006904.00 89299034112.00
2016/04/12 6934.380 6944.710 6879.300 6917.990 63275260.00 61616459776.00
2016/04/13 6960.420 7090.740 6960.420 7010.440 132612016.00 130183372800.00
2016/04/14 7045.960 7066.610 6989.120 7037.370 73840104.00 72706310144.00
2016/04/15 7048.530 7063.940 7011.480 7039.330 67573176.00 71185055744.00
2016/04/18 6994.050 6994.050 6940.020 6945.830 68067288.00 69165768704.00
2016/04/19 6981.860 6995.740 6932.670 6967.210 55014384.00 55492325376.00
2016/04/20 6980.140 6989.970 6696.420 6883.940 115716800.00 116086300672.00
2016/04/21 6832.330 6918.400 6805.240 6837.770 71249160.00 71445708800.00
2016/04/22 6796.760 6864.020 6786.570 6860.270 51024940.00 50549219328.00
2016/04/25 6834.290 6848.830 6771.460 6824.260 43289344.00 45098315776.00
2016/04/26 6820.170 6869.130 6797.860 6858.500 39405496.00 41988292608.00
2016/04/27 6864.410 6874.130 6819.710 6827.060 41525048.00 43508043776.00
2016/04/28 6836.950 6850.810 6768.740 6815.040 48022788.00 49614225408.00
2016/04/29 6797.950 6833.240 6787.500 6799.630 39634328.00 42718109696.00
2016/05/03 6808.350 6923.390 6790.980 6903.640 66582064.00 69724594176.00
2016/05/04 6883.070 6924.040 6873.360 6900.450 62822752.00 59912556544.00
2016/05/05 6889.790 6915.350 6874.370 6906.060 51274016.00 50331983872.00
2016/05/06 6905.950 6914.750 6737.530 6738.270 73824656.00 73268404224.00
2016/05/09 6710.110 6710.110 6575.080 6599.730 69131344.00 63959166976.00
2016/05/10 6573.340 6641.620 6573.230 6603.960 48177608.00 44483899392.00
2016/05/11 6626.830 6672.080 6587.990 6630.860 57142240.00 52637622272.00
2016/05/12 6585.110 6660.840 6536.120 6649.570 54902872.00 51106955264.00
2016/05/13 6630.370 6668.860 6596.450 6617.600 43141904.00 41624809472.00
2016/05/16 6593.040 6651.810 6572.410 6651.120 39705016.00 38565212160.00
2016/05/17 6648.730 6662.670 6605.580 6627.970 43842116.00 43569958912.00
2016/05/18 6599.550 6610.580 6537.140 6604.700 55324544.00 53057159168.00
2016/05/19 6585.480 6633.920 6577.080 6588.030 39086928.00 40063197184.00
2016/05/20 6559.410 6623.910 6546.180 6623.060 37234440.00 39985799168.00
2016/05/23 6621.650 6663.290 6614.290 6636.270 40290856.00 43309953024.00
2016/05/24 6626.420 6626.460 6560.890 6584.950 39213548.00 37555515392.00
2016/05/25 6621.250 6639.380 6570.470 6581.150 36673740.00 37602414592.00
2016/05/26 6574.770 6611.750 6522.060 6590.120 39682796.00 38866780160.00
2016/05/27 6581.560 6607.070 6563.320 6583.890 38698552.00 35292520448.00
2016/05/30 6576.100 6617.970 6535.280 6603.810 43776948.00 39355170816.00
2016/05/31 6606.260 6828.310 6606.260 6823.750 96073168.00 95331090432.00
2016/06/01 6823.060 6834.270 6785.390 6787.510 71552112.00 73019416576.00
2016/06/02 6783.150 6806.300 6765.860 6797.620 54592720.00 54187950080.00
2016/06/03 6817.050 6857.040 6784.240 6837.720 61977744.00 66483245056.00
2016/06/06 6839.100 6848.910 6787.540 6805.970 47989280.00 51379421184.00
2016/06/07 6815.510 6824.210 6787.490 6805.470 43555244.00 44487970816.00
2016/06/08 6794.460 6806.010 6750.590 6785.640 49660320.00 53796245504.00
2016/06/13 6722.790 6749.470 6596.650 6598.590 61722144.00 66024382464.00
2016/06/14 6581.240 6621.050 6575.590 6616.850 44205992.00 46155575296.00
2016/06/15 6546.680 6712.450 6543.950 6686.640 59709328.00 63163404288.00
2016/06/16 6657.980 6680.880 6635.800 6648.790 61661796.00 58616651776.00
2016/06/17 6646.770 6718.430 6646.770 6673.290 61171644.00 61199630336.00
2016/06/20 6687.750 6692.700 6629.740 6672.110 43503908.00 43871002624.00
2016/06/21 6694.510 6759.980 6644.760 6663.190 58329988.00 61090643968.00
2016/06/22 6647.570 6709.110 6638.800 6708.660 43073952.00 46002200576.00
2016/06/23 6700.140 6700.140 6646.690 6673.370 45686864.00 47467327488.00
2016/06/24 6658.100 6696.680 6499.190 6583.740 72748632.00 72450179072.00
2016/06/27 6559.120 6661.810 6558.740 6661.340 53205268.00 58853208064.00
2016/06/28 6636.110 6696.890 6620.440 6689.890 57786700.00 63512473600.00
2016/06/29 6702.480 6750.690 6695.880 6742.340 74622816.00 74244390912.00
2016/06/30 6741.860 6761.010 6725.320 6735.890 53060488.00 56173223936.00
2016/07/01 6743.530 6771.240 6734.610 6748.000 48241544.00 52821598208.00
2016/07/04 6730.120 6888.430 6726.210 6875.530 89329112.00 90245521408.00
2016/07/05 6875.550 6921.190 6873.480 6904.250 91156712.00 87783858176.00
2016/07/06 6884.960 6917.420 6848.890 6914.430 80301944.00 76968763392.00
2016/07/07 6899.860 6938.950 6872.400 6916.400 78748720.00 82411413504.00
2016/07/08 6885.280 6890.370 6854.080 6860.820 57315512.00 60784136192.00
2016/07/11 6877.860 6953.230 6875.800 6890.600 89344904.00 90135486464.00
2016/07/12 6889.190 7041.440 6889.190 7040.460 112898304.00 110503886848.00
2016/07/13 7035.450 7106.520 7025.700 7051.040 112485272.00 110799568896.00
2016/07/14 7040.420 7049.940 7001.850 7039.780 68337304.00 69213716480.00
2016/07/15 7045.660 7057.330 7015.870 7037.120 63229776.00 66659020800.00
2016/07/18 7026.830 7061.030 6996.990 7016.490 71895024.00 73179340800.00
2016/07/19 7012.740 7024.900 6941.160 6985.980 58845588.00 61321310208.00
2016/07/20 6982.430 6997.240 6948.860 6958.140 47452300.00 51353550848.00
2016/07/21 6958.920 7024.810 6958.830 6992.640 55366800.00 60024713216.00
2016/07/22 6988.130 6992.900 6915.090 6924.890 55882572.00 58551570432.00
2016/07/25 6917.020 6960.890 6909.370 6935.600 45869656.00 48644685824.00
2016/07/26 6930.070 7019.240 6929.360 7017.750 57306980.00 62069682176.00
2016/07/27 7017.630 7036.060 6799.050 6955.830 106878608.00 111701417984.00
2016/07/28 6918.460 6977.210 6897.400 6950.650 74969368.00 78151090176.00
2016/07/29 6947.230 6964.110 6901.520 6913.500 58546444.00 59627659264.00
2016/08/01 6901.950 6911.950 6831.630 6873.240 57599916.00 57623629824.00
2016/08/02 6865.960 6893.740 6845.310 6893.650 40036384.00 40775548928.00
2016/08/03 6871.490 6906.670 6858.430 6897.640 49897656.00 49065959424.00
2016/08/04 6891.690 6896.050 6844.990 6895.040 46491824.00 47508815872.00
2016/08/05 6889.690 6933.180 6872.440 6896.310 48256756.00 51038470144.00
2016/08/08 6886.850 6945.590 6853.510 6944.780 53542744.00 56974086144.00
2016/08/09 6939.100 6992.890 6933.510 6991.590 59950216.00 60657938432.00
2016/08/10 6989.450 7003.850 6968.300 6970.350 54485704.00 57026588672.00
2016/08/11 6959.860 7049.890 6958.500 6960.820 64953124.00 66908270592.00
2016/08/12 6959.750 7094.920 6957.770 7094.920 75273160.00 75110825984.00
2016/08/15 7111.140 7359.860 7107.440 7301.260 146157856.00 157127770112.00
2016/08/16 7321.170 7349.270 7220.710 7234.540 137702976.00 142527758336.00
2016/08/17 7234.720 7260.560 7181.710 7225.130 86870792.00 93030031360.00
2016/08/18 7224.530 7280.160 7178.700 7206.960 94552168.00 101177049088.00
2016/08/19 7195.890 7235.310 7157.040 7220.100 83100072.00 81574133760.00
2016/08/22 7219.590 7234.410 7164.690 7168.440 72002192.00 75532247040.00
2016/08/23 7161.070 7215.340 7141.680 7176.510 60249568.00 62776283136.00
2016/08/24 7179.040 7191.090 7137.540 7150.770 48683608.00 51305308160.00
2016/08/25 7121.560 7121.560 7049.850 7106.010 62840800.00 63728685056.00
2016/08/26 7112.090 7148.130 7092.990 7105.380 50729284.00 51083952128.00
2016/08/29 7102.230 7112.090 7074.390 7098.080 50164988.00 49880104960.00
2016/08/30 7104.350 7136.300 7093.440 7112.660 50108932.00 51029307392.00
2016/08/31 7105.800 7151.230 7092.430 7138.270 50421432.00 52965462016.00
2016/09/01 7135.090 7147.240 7089.690 7091.260 53722720.00 55008141312.00
2016/09/02 7079.180 7134.060 7078.970 7130.090 56325048.00 57788121088.00
2016/09/05 7135.690 7167.300 7118.370 7129.730 51446384.00 50154086400.00
2016/09/06 7126.150 7174.110 7084.880 7156.430 59050308.00 58643177472.00
2016/09/07 7161.280 7196.920 7153.770 7161.980 63553572.00 63481139200.00
2016/09/08 7155.340 7167.160 7138.070 7159.700 42470028.00 41894436864.00
2016/09/09 7158.590 7174.770 7121.830 7122.820 51505320.00 51434524672.00
2016/09/12 7029.020 7037.860 6940.700 7031.230 82990224.00 80159948800.00
2016/09/13 7025.410 7031.880 6982.020 7010.930 43274056.00 41869295616.00
2016/09/14 6977.340 6992.010 6943.250 6958.600 45774352.00 42763857920.00
2016/09/19 6965.710 7007.870 6965.710 7007.310 40213928.00 37950373888.00
2016/09/20 7009.610 7010.820 6982.200 6993.220 34896240.00 35111657472.00
2016/09/21 6994.280 7016.820 6983.530 7002.680 35642400.00 36126773248.00
2016/09/22 7032.280 7077.530 7025.220 7045.190 47492200.00 48722149376.00
2016/09/23 7051.270 7054.330 7023.420 7025.300 37185712.00 36164358144.00
2016/09/26 7010.070 7010.070 6915.910 6915.990 46628252.00 45307559936.00
2016/09/27 6903.550 6951.240 6901.880 6950.780 38775984.00 37257760768.00
2016/09/28 6958.130 6958.130 6917.000 6922.590 30638428.00 29966772224.00
2016/09/29 6933.040 6973.140 6932.850 6945.690 36448052.00 34059261952.00
2016/09/30 6935.210 6972.420 6934.320 6958.500 29362686.00 28920875008.00
2016/10/10 6987.670 7047.080 6978.430 7045.040 53760608.00 51620884480.00
2016/10/11 7054.650 7076.250 7047.830 7074.750 59840512.00 54084161536.00
2016/10/12 7058.130 7059.480 7032.350 7049.500 43955288.00 39427723264.00
2016/10/13 7048.530 7062.770 7035.240 7057.040 52037852.00 46551502848.00
2016/10/14 7047.620 7073.550 7025.140 7071.020 57399760.00 48156098560.00
2016/10/17 7069.540 7075.630 7006.290 7020.360 59196424.00 53561827328.00
2016/10/18 7009.580 7118.270 7009.580 7116.610 72207984.00 64461090816.00
2016/10/19 7118.260 7142.220 7096.190 7110.190 66963944.00 56822476800.00
2016/10/20 7113.050 7127.220 7096.640 7111.590 54107760.00 46620413952.00
2016/10/21 7105.030 7173.870 7100.420 7146.940 78428256.00 66853142528.00
2016/10/24 7159.120 7274.650 7155.700 7237.110 108448936.00 96360726528.00
2016/10/25 7237.330 7250.820 7206.130 7230.930 78372016.00 69540864000.00
2016/10/26 7225.340 7232.420 7195.230 7205.030 69983328.00 65463820288.00
2016/10/27 7196.290 7199.930 7164.330 7185.160 54008416.00 53832388608.00
2016/10/28 7190.150 7241.880 7170.450 7179.730 67495448.00 66529443840.00
2016/10/31 7163.660 7178.520 7130.760 7169.720 51354624.00 52014833664.00
2016/11/01 7172.260 7212.730 7162.390 7212.320 52538756.00 51785547776.00
2016/11/02 7194.440 7206.940 7157.760 7162.950 62225756.00 61746663424.00
2016/11/03 7152.100 7270.670 7146.750 7241.200 90398384.00 87857512448.00
2016/11/04 7233.970 7269.110 7211.810 7225.430 76941672.00 72465719296.00
2016/11/07 7222.700 7245.320 7201.290 7235.740 61037344.00 56907526144.00
2016/11/08 7257.460 7291.990 7238.960 7260.930 72770120.00 66930638848.00
2016/11/09 7257.000 7257.000 7151.230 7212.470 96678776.00 91500814336.00
2016/11/10 7258.090 7312.330 7258.090 7292.720 94156032.00 87514660864.00
2016/11/11 7284.700 7377.150 7276.200 7360.350 141442272.00 126256496640.00
2016/11/14 7342.340 7448.790 7340.080 7396.640 156639696.00 140450234368.00
2016/11/15 7392.310 7403.440 7357.490 7379.530 93051184.00 84321935360.00
2016/11/16 7384.460 7391.920 7352.530 7378.390 83389384.00 73374597120.00
2016/11/17 7366.460 7398.490 7341.190 7395.980 82016144.00 71192412160.00
2016/11/18 7397.630 7408.770 7346.600 7355.870 81893776.00 73704177664.00
2016/11/21 7347.000 7469.130 7346.540 7423.280 107309104.00 97613103104.00
2016/11/22 7427.560 7491.140 7427.560 7482.480 122886304.00 111982362624.00
2016/11/23 7488.110 7539.400 7475.470 7494.990 114816416.00 104740126720.00
2016/11/24 7482.790 7569.370 7481.710 7526.740 101999088.00 102001106944.00
2016/11/25 7530.790 7601.130 7484.780 7599.570 106283760.00 100568178688.00
2016/11/28 7635.680 7683.380 7618.000 7631.700 152882480.00 144920870912.00
2016/11/29 7615.000 7753.730 7604.030 7709.010 178916592.00 175718678528.00
2016/11/30 7687.360 7711.550 7610.830 7635.950 131143240.00 127410896896.00
2016/12/01 7642.860 7720.930 7638.940 7687.010 135135008.00 132349534208.00
2016/12/02 7676.670 7691.330 7590.920 7630.940 145034704.00 137526542336.00
2016/12/05 7517.550 7547.880 7482.080 7515.420 129944064.00 124055912448.00
2016/12/06 7503.620 7528.640 7478.600 7483.700 79391744.00 75393507328.00
2016/12/07 7480.790 7518.750 7455.870 7518.380 75813296.00 70100459520.00
2016/12/08 7532.780 7539.570 7502.230 7510.850 79132752.00 73437061120.00
2016/12/09 7497.520 7613.930 7490.680 7582.690 113137440.00 102853124096.00
2016/12/12 7575.570 7608.980 7416.550 7464.640 135186912.00 129784569856.00
2016/12/13 7425.420 7468.080 7377.500 7441.980 82690048.00 77960470528.00
2016/12/14 7429.210 7468.720 7394.460 7395.850 89407608.00 85635235840.00
2016/12/15 7357.180 7384.860 7258.040 7287.030 83015216.00 81808384000.00
2016/12/16 7270.930 7312.410 7262.010 7278.270 65433528.00 65142837248.00
2016/12/19 7270.730 7280.540 7239.140 7248.140 56185768.00 56083943424.00
2016/12/20 7249.250 7252.380 7158.650 7208.200 62816412.00 61257191424.00
2016/12/21 7217.540 7286.600 7217.540 7272.170 82932552.00 77194665984.00
2016/12/22 7261.200 7276.600 7232.450 7263.430 67326752.00 64023367680.00
2016/12/23 7257.510 7262.330 7195.880 7218.320 70608072.00 69580718080.00
2016/12/26 7183.580 7253.230 7129.710 7251.940 64664136.00 64737882112.00
2016/12/27 7243.690 7267.760 7228.160 7229.390 55023148.00 55563833344.00
2016/12/28 7227.620 7237.040 7177.160 7199.790 49568428.00 49372016640.00
2016/12/29 7186.040 7219.460 7166.790 7194.700 50903676.00 50553909248.00
2016/12/30 7201.250 7226.440 7183.720 7224.600 53376528.00 53247070208.00
